,0,1,2,3,4,5,6,7,8,9,10,11,12,13,14,15,16,17,18,19,20,21,22,23,24,25,26,27,28,29,30,31,32,33,34,35,36,37,38,39,40,41,42,43,44,45,46,47,48,49,50,51,52,53,54,55,56,57,58,59,60,61,62,63,64,65,66,67,68,69,70,71,72,73,74,75,76,77,78,79,80,81,82,83,84,85,86,87,88,89,90,91,92,93,94,95,96,97,98,99
0,0.7569039808141689,0.9372047423573558,0.5898114122800147,0.5418287765176746,0.9722399939227924,0.8397139467949879,0.7491574485121126,0.9999999999999996,0.995592539928592,0.24191774161805368,0.0016815785191823711,0.29904516224570216,0.006704370845181402,0.9999358442734583,0.16108406107353446,0.018945763055030148,0.4125276150671561,0.9999999842757163,0.7130391611359446,0.6764591099119487,0.7999163833693449,0.9985397656248801,0.8457281312734111,0.43303843258998476,0.884666645274192,0.97498832562317,0.021601186897274957,0.8701612646453134,0.09796737780481145,0.9968175724401283,0.7758409465105367,0.06798717684088676,0.946511301346328,0.783496479012055,0.030182226564385597,0.9023100608909205,0.793529727152404,0.9321368439278165,0.9829640896324555,0.7601787509978625,0.0,0.001918559425292354,0.2880200495779157,0.9909083268682924,0.5768824746084192,0.17075813225007194,0.5764889821654531,0.9997638311416481,0.8779714702887825,0.1510128197163373,0.012546290130494363,0.999962099190028,0.9553414365013896,0.3930483840956466,0.042826867135836236,0.03797421445692942,0.9779560569357685,0.9623306113320719,0.1873889151725381,0.7381506834238138,0.03723814196453314,0.2690769882597718,0.9990541284682496,0.00899054734102364,0.7413998023339334,0.5540447312919309,0.9065652370445241,0.7086174839307847,0.1495583690486976,0.9990939377167258,0.933512072114857,0.48006713683430485,0.2416550215567531,0.6203137275661997,0.9999997624553401,0.4584808706863509,0.2877874666195378,0.3021183583388833,0.01123410920511061,0.9974885392008646,0.3913223931019323,0.2399068467163397,0.9997858491538995,0.1100873614732599,0.950212874997138,0.006856755239607734,0.14219941534912553,0.9831293573364718,0.01392698615537764,0.9981086809209652,0.0,0.45291066762704346,0.7675128998223626,0.042231119258443625,0.08752224839954893,0.8998441060930277,0.6336560344859801,0.15878779389947317,0.8834381793618339,0.30854108259156826
1,0.3432910180224148,0.316644918379623,0.4197082359963607,0.4225921146210942,0.2635694205280701,0.41208878417950834,0.3235178364914573,0.10083460369418827,0.17382326933052317,0.49760742427298477,0.7869558048606503,0.4947348923609759,0.6697631155385528,0.08208428854680426,0.50358817829144,0.5828172931185223,0.377762025391652,0.12145368187547607,0.44572461243775136,0.37847903858544735,0.3375238786813941,0.1886771656388433,0.3406536003771763,0.4376519022316239,0.32588228801227087,0.2872105442426157,0.6048374913660453,0.30375367278429816,0.5000855140435673,0.19738643010100923,0.3599091293502275,0.4987224456707276,0.31741782989532136,0.3276138131692995,0.5479140019058694,0.3498901306232096,0.3181066677560002,0.33394327235690424,0.21764470874073186,0.3150295589578124,0.9126006889552144,0.6847883640439524,0.46192177968349285,0.19482884284526988,0.4388415677818652,0.45837137337885436,0.3935251683211025,0.12840310171492403,0.3338331749577237,0.5129571939312723,0.6265373638284497,0.09375513428022227,0.30881210751380667,0.4728820976911857,0.5946018748612287,0.593282798009286,0.2484356460294027,0.29307125056003547,0.4713343703615896,0.372707282758518,0.5788710622717087,0.48770776269805083,0.12400469567638224,0.6682970156313967,0.38515516574584896,0.38286832076444843,0.2926198284795502,0.38261166049481976,0.5148437592936898,0.12765862353133195,0.28507704397055494,0.4237543010002376,0.5341167270787454,0.4113796340866993,0.13615721175022785,0.4430489891186521,0.4804326617784985,0.4364973522634708,0.5702225999636024,0.21254348525068859,0.4467476319155168,0.44538829768863253,0.13848449184013137,0.5452659017498547,0.28239957673752836,0.691978304722289,0.520919506534482,0.2623906122317252,0.6210066319733881,0.1346634146202233,0.9245015771253268,0.44388038540144464,0.3668970961592582,0.554078413820124,0.5511371588602032,0.29726281749708244,0.397886613873691,0.5088096926371523,0.32125429538333,0.4473014097373031
2,0.24335922265879134,0.3556001673990329,0.19066820574088095,0.2149430181449289,0.4332679118138949,0.2953024015822903,0.28765483004848685,0.8091283197813404,0.5628320409851801,0.09166944930985192,0.021895213296146555,0.13106920312627812,0.05487034929846812,0.8722469571341074,0.12026205103233727,0.06289801038175812,0.1413443752291248,0.7809267194749574,0.25255787125183626,0.19232059417029035,0.27198406959797267,0.6573007879213616,0.259147131221432,0.13229190132009602,0.3075297372753957,0.47624598135528484,0.04708548715802682,0.2892066865610434,0.07525544181820895,0.6579447085885836,0.2528985601053649,0.0808855171836132,0.3291570870738585,0.27070288811002013,0.04295323888347571,0.30041409450319784,0.23887688477222394,0.3005965294674485,0.4851956203296304,0.22482919204851015,0.0005725946049246818,0.025427408531700283,0.12480218301947259,0.6362538743309014,0.1826594714312694,0.1185262003401746,0.19971248577135955,0.7098887345884489,0.2954706869662558,0.11583508501011597,0.04574321917358826,0.777214349200099,0.35795406879609387,0.1327371832717716,0.07251113307675565,0.09145363910000605,0.4268707785471413,0.4120521809290568,0.11842469038323067,0.30190989383391487,0.0718908803103817,0.1203186946354937,0.6961117411674981,0.04460501857611424,0.24201278288696573,0.16357649379443429,0.3052703335105375,0.1959236392017937,0.09667547898817806,0.7503210074000785,0.3464491185870572,0.1982840635935723,0.12856723500042622,0.20046921724106345,0.7166879038311091,0.17210911275802548,0.13787200565684468,0.13611091512395962,0.06041039526097148,0.5961395810894126,0.13159951311678875,0.14322769645675895,0.7407762887592468,0.08849962471554465,0.4100136908356858,0.06393480210213326,0.1017164768605902,0.443676075228117,0.03855207568568014,0.7266008012788698,0.0032110621679804813,0.1449701554049072,0.23568620198651183,0.09247635854420345,0.09531693194026931,0.3030392408891249,0.18910030570561343,0.10727576526763243,0.28734772635841227,0.12028793746709342
3,0.02461113663144812,0.056910140336269795,0.01462584229824559,0.01425080479111132,0.11049876207015197,0.03505633401866306,0.02893520753037081,0.858483891708714,0.37331981292319694,0.007150587406152518,1.73409202369193e-07,0.007328354354243441,0.0011391244367432358,0.928125162164907,0.00614840418998492,0.0012934607032169003,0.008341901962552295,0.8804054746778454,0.026731493863671,0.028083769632235835,0.026553549688667986,0.40488400142039965,0.03922805102019483,0.01008936312865205,0.05707493340197354,0.1354674041603692,0.0005317628067973912,0.04059855030661599,0.0019182295921350183,0.3809910875301415,0.030631312912320543,0.0035731125766089644,0.07773208116594595,0.028688669594322255,0.0005453370963637796,0.05177402486092324,0.03613874208132399,0.04659939384976531,0.1365451947126747,0.027597811366356705,1.0159282263942098e-28,3.362109640514465e-05,0.00749676035409315,0.31501819122341873,0.019226184842747965,0.0037213714559498033,0.013227197328820668,0.5949847320803813,0.03498095331988341,0.004584473211671445,0.0019165978984627585,0.7501854056641362,0.10682090528036872,0.009048533195422995,0.0008960204312482861,0.0018949966315911695,0.16259539446407564,0.12212245076284713,0.0029092945890461437,0.03651640746410132,0.0016961518132925571,0.004743303326035654,0.6365700935383615,0.00021772435458812625,0.025458951523013282,0.010727657706422507,0.061347314177507745,0.026339239388370492,0.005673795916126382,0.7234094070773526,0.07291318097901539,0.015747065554589747,0.003011917572456339,0.019305907633164678,0.7307619669500002,0.012337816596545804,0.00577421723263561,0.005966161813639711,0.00044022377452291055,0.35826037224312,0.007481716866282552,0.006797163926009273,0.6939440687677906,0.0023700450075248122,0.0865298756951228,0.0001201989857818925,0.0041167492168344,0.1420575220147042,0.00043523063091826316,0.6751633041567586,7.042944207328019e-83,0.01483003249793631,0.03141942344690169,0.0015669663321313985,0.002058856103367153,0.04882928351225231,0.01773919588709735,0.004708381951433195,0.04926159392692156,0.009443230584053603
4,0.3683223467857819,0.47288807019040296,0.37703948949786587,0.3822927654616602,0.5017172199169119,0.41248842593585516,0.39965179087083524,0.7836902922476041,0.5619897848403133,0.2838858110657784,0.14992649883283923,0.29778594870876246,0.19608682014590087,0.7472063372596786,0.31526839972344645,0.19746163510220324,0.3088018922658655,0.7087752329939373,0.32727927932508477,0.4028060296023295,0.40701506896555345,0.5640908247993071,0.3986258455178039,0.35283007577401354,0.425048315623729,0.5358592937746169,0.2265281157582221,0.4158084093112441,0.281532202326764,0.5669774974516262,0.3859119599232347,0.2094782919586219,0.4580199973709817,0.3832250862269519,0.24631427206175405,0.44686738407809395,0.45874304392148857,0.4311886428574146,0.46898730511487846,0.37886168485716304,0.047375729253847414,0.1948124262179013,0.3407524030930347,0.5418912334450108,0.3643684898038088,0.2772695287701775,0.3547904629722363,0.6037258809367245,0.43021377143682266,0.28469696312999554,0.2186376613132432,0.7244062247460549,0.49702839803190213,0.35576022355794507,0.21615714327915225,0.2267359312368331,0.5265782716422427,0.5145834006792502,0.3151688777724274,0.38653283737772276,0.22124556989525423,0.3189741577676025,0.5952967964377535,0.21551743266411985,0.37716635918383384,0.36969271361799294,0.4600671671669766,0.3909314500275085,0.2861381803616479,0.610223736533364,0.4512830192912422,0.3077460696706295,0.29775887643887866,0.3922337693036005,0.6613598635342478,0.38170955298321024,0.33282315698775333,0.35915741441409416,0.2048896900069785,0.5822662610220494,0.35249617807818373,0.3372221235868465,0.7249907332071834,0.29853329592401234,0.47248676666902456,0.1973092537346113,0.3494411628235411,0.4965939634778509,0.19859107421563693,0.7247342518834556,0.07991463908673686,0.402190724865109,0.39667440885993877,0.29591612827426894,0.25199813537382637,0.4740361953527465,0.3267069021841328,0.30349715806194266,0.45439295718594974,0.3465732349702606
5,0.43209224005749364,0.39951920489405607,0.35156618571341247,0.3798464015947856,0.501124055426086,0.39493989655375505,0.42397131551324385,0.677050729173729,0.5073651337606264,0.34400857814618246,0.17513659276518467,0.34544306459457885,0.21704811107033947,0.7138048116463942,0.25382278039692174,0.2532381434295974,0.3393887876017845,0.5961783955987415,0.39751771889830567,0.40896272062239136,0.4200148801037125,0.5801647356281046,0.4382578701005264,0.4033419288825479,0.42514346187143043,0.4745961866008077,0.22851592824754788,0.42950960396396065,0.31656963090179074,0.5692762340635018,0.4173699653510677,0.24699486872462015,0.46757744507476007,0.3999665921542579,0.2632843528335094,0.4724763544266942,0.41977730303067573,0.41234800256192505,0.44937636222311644,0.40660254488500125,0.08892922719915697,0.18852037184990178,0.3425088194360893,0.5526413880199802,0.4080898449588014,0.3379683601622543,0.362381283852297,0.6764346219471179,0.4336062285500599,0.32796650908432357,0.25920277808687386,0.6371659142201554,0.41884053055232456,0.34976928068742724,0.24278669662326668,0.26902692676072043,0.4824161707316449,0.48855744767116954,0.3345917562607725,0.3915195000845288,0.250103365299217,0.3165931082935415,0.5811007946941658,0.25022578009567614,0.4448736537472412,0.3757936851385043,0.3893958950398574,0.3969902307588226,0.2672226471660088,0.6048233233251671,0.46811785144901175,0.39262760240662653,0.35304558820599524,0.41808020682004354,0.6063982172344543,0.33126220534178885,0.3640109184573802,0.3396046523450684,0.21597847070365675,0.5453054457400642,0.325892516388477,0.384342121197417,0.6071553655714856,0.27906539623822213,0.4173413525642258,0.24592566159409912,0.2979952096834786,0.5320377399167652,0.2991927085031912,0.6215474054993977,0.09314399772205607,0.3863488482361043,0.37278206468847247,0.24903991172734258,0.3507994022442827,0.449603879670208,0.3707631021003468,0.27979887316636143,0.4342572405406158,0.34907049914464217
6,0.1246535003428407,0.2450202251994661,0.08436898015234887,0.0745963595073198,0.31173914506304623,0.15394889412925827,0.11638095331024019,0.954970964156066,0.6005377768151352,0.03822524577455134,0.001184375346886238,0.039267235488782616,0.002934731432483238,0.9455768897769053,0.032009311471287806,0.004819445827147337,0.06228289953721,0.9176580175821922,0.09634414886199728,0.08778618888618234,0.1275811912077358,0.6361104894455355,0.13846766758936327,0.04583187784441443,0.1890704813584865,0.40606305880910853,0.009256031876436442,0.13832765490701904,0.015708052295976434,0.6657722562910903,0.14672625602596845,0.01291200316824964,0.24833588834800133,0.09880301355897507,0.014601150748925026,0.1781941717634969,0.15293252920850187,0.1801901968710144,0.38765012237919544,0.11256137217671519,2.035296127320257e-55,0.0009787877595632106,0.050485254281141145,0.663876674859656,0.06338333563105858,0.02473159980061344,0.06313869002037957,0.7875905566091959,0.15248428671962133,0.023162997478924034,0.0029585835581450387,0.8772138114230924,0.30636163574953285,0.050818040394836075,0.005672317572970709,0.010563925262485372,0.3449431510064971,0.37301842649613365,0.021744287847494312,0.1038989036258108,0.009283907668982334,0.030442826441446347,0.8281332035975456,0.000784797686051859,0.09100570380252883,0.06394106195064073,0.17910282807031322,0.09506690036009453,0.02861706983356378,0.8833370100161045,0.24549804912179735,0.05628979707223088,0.026624198283089717,0.08984996652676394,0.8688677994847018,0.06566903254893414,0.043258840351715504,0.03834215664973147,0.006417296458566353,0.6536235697929969,0.05798381030346213,0.03162583964834052,0.8941987861725756,0.016016476358055518,0.29841784650298364,0.0010046168277195967,0.02477831802066288,0.40496484664557514,0.00453132876117255,0.8193040934070523,1.8797584471269822e-42,0.07257203935055409,0.09033624571314773,0.017216711901531945,0.020171303097572677,0.21273693548102235,0.0948246413391174,0.0187476133662245,0.17525664003972352,0.04224698561328719
7,0.8643882115990857,0.947588325881499,0.811654691480586,0.8151649643209403,0.9767250270646383,0.9014130182702458,0.8767404061280031,0.9999486858977459,0.9920926884117501,0.6206234723272359,0.03453105225975711,0.6533558201451549,0.1741676754436828,0.9997089656692069,0.5898844256708058,0.2506147832555106,0.7211923025068044,0.9997513452273735,0.8413664004296542,0.8488905008343873,0.8831752744224939,0.991594986349523,0.9135105808269003,0.7478130648816886,0.9369112929034553,0.9766466491372684,0.2699642920687449,0.9218928500918467,0.4958534080850254,0.9937968052742354,0.8965182536340602,0.3954993969151819,0.9678595883620398,0.8731075693113606,0.28446661105146753,0.9335310841141862,0.8963571610724398,0.9426432573502167,0.9738376048309999,0.875156087877491,2.4379142001134597e-05,0.10290153303007736,0.6317515355302962,0.994352631396956,0.7932628480716304,0.5130069625894222,0.8047738171314393,0.9964576636980566,0.9122938745012437,0.538848754687955,0.18880341451369817,0.9959254198775815,0.9639544611706632,0.7429505094670099,0.2667461551233721,0.3357136618116495,0.973835952760115,0.9692056228566885,0.5211516832638498,0.9066099604111855,0.27137358702898506,0.6241244113683689,0.9981797591833848,0.1385833708561149,0.8805924896709698,0.8120477686675208,0.9184549145883547,0.8363051490260104,0.6129404745579514,0.9992150810949616,0.9541474962381338,0.746739393842845,0.6270080830609844,0.8359187023927603,0.9958790592381268,0.7768462202822848,0.6817623135311962,0.6571822728695849,0.24994540252014324,0.9867500882731357,0.7392195129768487,0.6538389339566829,0.9997889491884464,0.4774231600037511,0.9596785862586598,0.11826544859427669,0.4982655934808928,0.9731770400020413,0.19589252612024965,0.9988019398839783,4.271364371150901e-15,0.7679685833585694,0.8641672943941779,0.364416282670717,0.41870389475833003,0.9444552518078398,0.8550898160162119,0.5348482491732759,0.9219808834587507,0.6657794417753222
8,0.23642820519006705,0.5066553584023483,0.17340979517720648,0.18817076504805497,0.658956560561578,0.3804460416194306,0.291570811487885,0.9998382719525298,0.905274520950756,0.06512931328696704,3.781769512134118e-06,0.07387642699086162,0.006953956809317152,0.999998314865166,0.05041656802918967,0.00823062178791887,0.0999216099413408,0.990519112787859,0.2651035032898806,0.2130552380826165,0.2881432862902718,0.9583605713640196,0.39099459741686354,0.11242439829621255,0.523814727771623,0.7447561451806203,0.01095521113135188,0.367223025443826,0.031860567728856835,0.9537776066005477,0.3108574611946546,0.03422012259516788,0.5504711510712594,0.2987948507333632,0.009022156369223525,0.5027836836557742,0.345386485854949,0.4591046138279627,0.7415608901046816,0.3023934938220209,1.6545090053225098e-43,0.002456498426441845,0.08929134569967752,0.9411515143295365,0.12494862864297471,0.052365476902046765,0.13576613621968966,0.9829173254355436,0.444271845321557,0.048067947196641043,0.0035063875300798547,0.9951682507555426,0.7001101125941324,0.10604129973560351,0.010828750621735004,0.007998591592256238,0.7217796101964327,0.6993471233201468,0.050472710655255736,0.2904589966366046,0.009701291215303087,0.06767978519071238,0.9713808071062126,0.0034873215635660023,0.23543370908654915,0.149575858400038,0.5007553427419351,0.24805341303573678,0.05742977105666122,0.9808000094393988,0.5557628177164622,0.13648504912291018,0.03364430853692797,0.19021545460697414,0.9780557874108644,0.12212157239737684,0.0756187146723588,0.07984559795220311,0.002825356527339298,0.9223348857075753,0.12818659158339307,0.06986730420507142,0.9839605068997789,0.02673905941226188,0.6760899707467634,0.0027473933589482547,0.025153778330358874,0.7545017700845453,0.008433949680017016,0.9828594395458182,0.00015803203296383325,0.1616143749749395,0.2748542762947597,0.025766301721377564,0.01662722745164131,0.40457708206069426,0.1730869520109264,0.05140242670130785,0.4037080103253433,0.06815571793445274
9,0.40530289403872266,0.25218438328577525,0.39775283592021715,0.4042031402859773,0.20675481139588697,0.2744378861954292,0.3593443005544929,0.01979002129242494,0.07979764523617669,0.582878691392806,0.9485157242240231,0.5468911316706495,0.7949850615866072,0.018236314427585193,0.5909496913334974,0.7937457834110968,0.5141501565282979,0.026520640178819388,0.3867792734422646,0.3834411602200581,0.33098972303943064,0.08199300083221601,0.30864120969292475,0.4683998243887774,0.2701772123672194,0.1527029387300128,0.7820794658494722,0.2829898586538498,0.69915223105246,0.08558215343453936,0.2812266719578654,0.7206111674401634,0.20513546816761416,0.3477184529498965,0.7904751070712314,0.23621113764457724,0.3796873502491931,0.2352971001008095,0.17098383518141444,0.3258380866662896,0.9931776583033408,0.879560173656597,0.5514540775616738,0.0943083827671424,0.45666083902959514,0.6515968962984424,0.4635250584497676,0.060851166438900164,0.3004022993120883,0.6176868278841379,0.8242392450259848,0.027842408528561305,0.19454769389401297,0.5448068904159153,0.7517275804989052,0.7677106208988203,0.14447411033990343,0.16847423147193055,0.6283919434992131,0.37641375254142995,0.7838203766178367,0.6024626685104348,0.05012477364067519,0.8650952237734054,0.36285449438290857,0.4586242262306686,0.2633372935866774,0.4198111147979348,0.5992349432221626,0.03596231189601785,0.17957508319245574,0.48321520732464407,0.5695129608553754,0.41058110568342365,0.030443131739420544,0.41400687248577767,0.5340664638361803,0.512651077846341,0.8110186407363418,0.10632175210027833,0.506167445142884,0.5715864740855191,0.03093204406408374,0.6704043794376201,0.16978105026947576,0.8642560126597313,0.670957617013741,0.1530050356076318,0.8316459138365654,0.04719221807888013,0.9961946403080831,0.4588185188722598,0.3438790793447828,0.7646338468552816,0.6895839465615574,0.2400320185097228,0.4519292783100727,0.6937126289192446,0.3047415873338444,0.5298969397037897
10,0.4093314944167555,0.15714917540155462,0.488169872541397,0.5494834416093015,0.10394916714445838,0.323482309726256,0.36493980067067544,0.0016603716870347166,0.023790898344939033,0.7828616759018836,0.9964297714111316,0.6764664642027562,0.9637022733456356,0.0009006890774513222,0.7795113211408387,0.945086332350576,0.6567954109074762,0.0025937670348957433,0.3931956392273247,0.47259313547868986,0.286571193160259,0.016174026932942783,0.2575418050236249,0.6374904584108079,0.203330027928931,0.07176617302489725,0.9531605347388212,0.2852212512761383,0.8871487125419688,0.027908668388772453,0.3426327970494006,0.9141080322355439,0.12628653516264943,0.3770753536539662,0.941836007836043,0.22492372995752435,0.297122364767539,0.1822250706159008,0.0899859427393686,0.3759702977592822,0.9999510476573933,0.9894981586550684,0.7283677462352418,0.023700253914203682,0.5563510765935934,0.8285124956686625,0.4964750878046379,0.009027628899928607,0.27308840346185287,0.8580975369911732,0.9689913799423102,0.0034562289322026527,0.09924492438473832,0.6930757421048677,0.9322533372584313,0.9326193446485352,0.0766526139223314,0.09367280341890724,0.846458419488786,0.38215661017765873,0.9455348209201562,0.7585355777278113,0.006993006172738106,0.9826134712578667,0.3992873249103862,0.5436344792366431,0.2254656161630858,0.45826746660005413,0.8017705075623927,0.0034958444340587955,0.18245619007238784,0.6080175835967352,0.7557464135241991,0.45496386421371393,0.006249125171979248,0.6093683473201978,0.716011931754521,0.7053493024956597,0.9535113539713503,0.026063862204467138,0.6637689342245494,0.7199886318811742,0.0050061511555981545,0.8739215537916211,0.1185556089256655,0.9825977836857446,0.8348763674994071,0.05964738018553108,0.9691146450722017,0.004869607257709504,0.9999838868446183,0.5819318093559727,0.3657270536540835,0.9132822049402373,0.8725919589278616,0.2754806033185354,0.4933079175448276,0.8156807063044692,0.24103362733591818,0.7241187990176712
11,0.7306278812547872,0.9006594668953001,0.7486680215413084,0.6430842829127776,0.9215088134744235,0.7774557225749745,0.7622186425897663,0.9968201626195641,0.9674637573814686,0.4426754938237448,0.02872530582015739,0.5004417921652798,0.1356924633262536,0.999684952454231,0.4017903258016998,0.1827668577278119,0.5213622298566472,0.9966169734657313,0.7039056693004924,0.6206797305666416,0.7405739832992864,0.9794181534385789,0.8149272353673492,0.5459202044257279,0.8529565486053811,0.920965597115379,0.19287500736549162,0.8123161963747135,0.306028720775623,0.9803349696930271,0.7714988814616762,0.20155717573563625,0.8929949325569437,0.7275209068854435,0.1284352843015866,0.8216920985385591,0.7696725015443685,0.8576708852652069,0.9357886729115243,0.7549870125622875,1.4633110692417856e-06,0.07207927495674359,0.5013267336032814,0.9571830048223934,0.6254484169672867,0.353045178310348,0.6534026134593697,0.9754985161383192,0.7942136675386631,0.37965375491580844,0.12121082615631183,0.9945489588234961,0.9296665249922714,0.567365654388932,0.22557513293114095,0.15157591206460205,0.9323387878180847,0.8996174946517901,0.44952892163402347,0.7552492570901602,0.17723530284633554,0.48350911368715493,0.9860317473531031,0.09131271640337758,0.7231604418801454,0.6240996250863702,0.8563271814830149,0.7073765645382919,0.38999570871898614,0.9842129310366278,0.8960667787179165,0.6362016081767792,0.39791148357613565,0.7131551723295465,0.9914357645183212,0.6187493720777281,0.463885145881035,0.4134817930876954,0.16801704806079124,0.9695297711080697,0.5397904312544223,0.4685833034478679,0.9938036517850058,0.2942733823097357,0.9053834325732611,0.05013583567782099,0.3439257401626138,0.9455124547292416,0.12265565699120588,0.984629214447805,1.3436011448799985e-06,0.549719547641102,0.756277485719001,0.233085954252496,0.3829637647730614,0.8429276267433714,0.6724944179267179,0.3765309315626551,0.8534798263928768,0.49239190412031747
12,0.9573468174822917,0.9980042724238632,0.8459697991368672,0.750056880827198,0.9997013525177685,0.98162630974488,0.9701103919604119,1.0,1.0,0.050478848563759025,0.0,0.15350575325974505,7.895980730055413e-21,1.0,0.04764122039221226,8.174653930986809e-07,0.33046699030729504,1.0,0.8694412283991035,0.8723874539168587,0.9583548041979664,1.0,0.9906998770563553,0.42067259518817063,0.9983492193858532,0.9999999345776209,1.9040138147709607e-30,0.9926913505064608,0.0024390889605557177,1.0,0.9723484356995798,0.001136402280710311,0.9991426027237652,0.9636986867867278,3.0400415962946745e-06,0.9956363888978114,0.9752199611191358,0.9989212200616647,0.999999999075651,0.9661875308094823,0.0,8.754080060844662e-51,0.08085849927834776,0.9999999999999843,0.6213301761119744,0.012911229678818146,0.7531906133384249,1.0,0.9934642822709597,0.01747124664502281,4.8848973382777115e-06,1.0,0.9989998873212684,0.22366611501119482,0.0006114951752180798,3.0226903601216087e-05,0.9994329332386647,0.9999932232775502,0.019847426291083003,0.9592035056596105,0.00011464527435556187,0.07002857317875759,1.0,3.6347994125801336e-49,0.9418579223483924,0.6760161998150959,0.9937034315285654,0.9003708273631957,0.02661151140807422,1.0,0.9991411273000185,0.41180905075040963,0.035886116909961206,0.8028334782934209,1.0,0.6251705944951601,0.10289072059366532,0.17154406428052302,4.967927383217276e-06,1.0,0.2726910913760115,0.1301240336886488,1.0,0.0038692596059829456,0.9997090283491233,0.0,0.012657514658211666,0.9999409864221388,1.6424742650680275e-17,1.0,0.0,0.515368046310252,0.957013778392696,0.0001334955265935323,0.0023038141378310794,0.9976157307525076,0.8018847412384873,0.01628589715931185,0.9956201399337645,0.10027239551895245
13,0.547617141111932,0.38652895598724507,0.5528776349536373,0.593657324203935,0.40018744607104045,0.5207771216177062,0.5194221146166815,0.09820945104902651,0.22634802755147385,0.6764375602041258,0.9466763708331597,0.686986899881125,0.8414502529384913,0.07704992154757917,0.6862609830155411,0.8430866021229607,0.6366442284701896,0.11628002745861926,0.5262506115933515,0.5489136759988635,0.507171163002753,0.2781250540845672,0.4650097612314989,0.6298512132005357,0.42068119442158375,0.30300184499459915,0.8323625371971931,0.5199269351167662,0.7983815776856457,0.2512618719133147,0.4658637788341039,0.7957374297177516,0.3749376511667994,0.5737241574656885,0.7795470269779774,0.4546626075378631,0.5646705215846441,0.41768145833782255,0.34237768034955063,0.4732603263094608,0.9877834713596172,0.9018854677416761,0.6808687059510808,0.22915858500196967,0.6123792775501774,0.6968541116143833,0.5856236088936185,0.15925049041541572,0.4386414214651996,0.756115153917689,0.8629445571961462,0.12039934163758031,0.39356262267341324,0.7007059734003132,0.8082963408323955,0.7887269715678054,0.364501450806156,0.3646223719834396,0.7299569757763755,0.494852534397533,0.7901318202425165,0.696553861720928,0.15518153269668128,0.8913890910381206,0.5272984271706078,0.5757385759557195,0.41706464717435615,0.5391967951545026,0.7071796082211823,0.13237513800048564,0.43990286042069693,0.6680474917813227,0.6726901893434374,0.5656182686374924,0.14069092458916702,0.5940850965884266,0.6610490898182471,0.6285924680409869,0.846212828498337,0.24557968016014453,0.6177794722048576,0.696078367909731,0.13357992776819916,0.7275529737917243,0.4583982099808655,0.8866509455878764,0.7430081819889633,0.3452905216693404,0.8816605840533405,0.12416289705900185,0.9911304326833514,0.6153511732667782,0.4934771931120531,0.7527012292462234,0.7545237128570413,0.4234894398531641,0.575961111943577,0.7336451187376167,0.46427298029713127,0.7047611547972411
14,0.04823452714501873,0.0911879640033333,0.03171055484038895,0.042177423142680734,0.16221447709743614,0.07586368513555251,0.04453721910076319,0.8023703813513561,0.3624059343173232,0.01189440497541566,0.0010698252995743206,0.018956617515685437,0.0027605615698143102,0.8113260594550945,0.010492434584983636,0.0026599079476310045,0.017885223511519267,0.6913229277120625,0.029983284258866795,0.04473173955617954,0.06217922311017759,0.3490654993472962,0.061001362476386524,0.021656222216615454,0.08587744717435589,0.1807230062894999,0.007497771743567739,0.07571742176286889,0.008440872823749916,0.3446106667636976,0.05389706507151521,0.005684034229610487,0.11624180486902076,0.05229844455065509,0.003146725173658253,0.07101949824096931,0.05693997318410757,0.08699274114360485,0.1445257987331629,0.05004239391664392,9.946254269749403e-18,0.0002987662362327307,0.013334711755276073,0.3504342420457393,0.034980463222179285,0.010350992117834053,0.040906050322943754,0.4926078480611249,0.06666539530807807,0.00678802893579411,0.002099131729202456,0.6326292779000969,0.13652727453982214,0.018931659840096052,0.004509499986479563,0.003788846055737748,0.20780647112449052,0.1452107980334374,0.010269851826922537,0.05288404496020254,0.004343145401998592,0.016575235428603532,0.5172897101825068,0.003334991443659363,0.04419980760572423,0.030106042121800448,0.07785591755308047,0.036365722255043594,0.013676389618774362,0.6081819584680799,0.11050009204504072,0.02440056616732592,0.013883774875015019,0.039055277962838676,0.6129477275486639,0.03269752128400963,0.019420380628741005,0.018466858701044985,0.0016196815050380181,0.37002099791212734,0.019307596743891056,0.011864606140206433,0.600349466652405,0.007602074983284438,0.13371575238469163,0.0006037857376077332,0.010817889627079387,0.17168118889414136,0.002888437067982758,0.5192038049655536,0.00015364634522332902,0.026920088773827806,0.03923822739617454,0.005873498176214096,0.009051136575989235,0.08751377919212949,0.03363152892914648,0.017662268277504035,0.08523744570543464,0.010691162157837587
15,0.19027162556883181,0.3539862789813216,0.10429279483792374,0.12873298066758918,0.449882519653456,0.23492922689536264,0.19515255447778718,0.9888099080506286,0.7772112294634881,0.051234715152131925,9.910426439823875e-05,0.053120040293941045,0.001892829781256784,0.9956944471047473,0.026476419207609035,0.009372432872840612,0.06504425155258355,0.9812128801456317,0.16334902302657525,0.1510094913947947,0.20053188751428572,0.842975727700919,0.20070296860848277,0.06196306687024285,0.3657057403803068,0.5493484503553726,0.007848482956660303,0.2460143073254413,0.016210516619539653,0.7873461064959456,0.1853840833146842,0.02146222204369304,0.36594996774966676,0.15459783329346713,0.005743210986344101,0.28034985566477366,0.21123325492445497,0.3436394107705994,0.602494535375903,0.17282856253354126,2.4574268923627104e-60,0.0012466901366778936,0.0617118546640652,0.7637037055589367,0.082130759377129,0.013786635294904738,0.11582075067074378,0.9176751718237769,0.2537692763668086,0.043566804438048064,0.005378617463447513,0.9669725651282777,0.4130049858899962,0.06173726647997354,0.008058214398513874,0.009465315523735704,0.5806206535975302,0.4570140366150655,0.035222036448281265,0.20205495328565004,0.008737763968917097,0.05590063869886078,0.9154107400216719,0.0036605692121555074,0.1437416871453161,0.07700101680491472,0.3368528936876083,0.16474141760729893,0.02375635507130826,0.9664771676680701,0.3615177056316103,0.0714610728709727,0.03759341959996705,0.13255084042060156,0.9418487541769948,0.10498124076308706,0.04907664734929556,0.05611369217650926,0.00521194489254371,0.8289757806946432,0.07742546607915755,0.05010243728590196,0.93383860591357,0.03194839052435694,0.46078160852108513,0.010870962722441861,0.026862411742667066,0.5788467116501883,0.00792146747491225,0.9749511493680232,1.1637219535454868e-88,0.08796360128199154,0.19722638647481358,0.01582565624026053,0.01709520498977463,0.2773915662773362,0.11376231402561723,0.02327239703628547,0.2972807160524477,0.03723322440787151
16,0.0866295344118396,0.054912047028178895,0.10003409049540467,0.09795703874050109,0.03569759647420508,0.08448167532362831,0.09394016034265838,0.0022802377993273587,0.019956264222641976,0.19385139579444455,0.6660494756767155,0.1744321551580772,0.37877617536213654,0.004702578146663445,0.16521578989771474,0.3296264628634389,0.1534930541344076,0.004315365854144313,0.08466879169751419,0.08910154256864691,0.05446380532095684,0.019330270157077726,0.06783052907443937,0.11790470692896625,0.06676440548183189,0.043627356939648934,0.29522483080393647,0.07195732864455953,0.24750668640563694,0.027680680590040502,0.06277529320460759,0.29322645933945635,0.050422123415369544,0.0757326634106241,0.3185900861072762,0.05800215324569411,0.07152546544872289,0.05574592910227371,0.025826093180344487,0.07987297547907131,0.9319487899797018,0.47665874433631905,0.14928218160046616,0.009879004475757043,0.06483906112119577,0.21163699446100734,0.10774614431176839,0.012814391597523624,0.053641038360044524,0.22999998747929304,0.4067933063639159,0.004552964018189412,0.06628460525889772,0.17623536160326758,0.3128073612832403,0.2923279342058449,0.03494946329568915,0.03110138227755371,0.257058253027118,0.07588614196236484,0.32765600711932313,0.1568676946103891,0.014148019315082654,0.4737890285594105,0.06398814949467681,0.13579157808034456,0.051832270335911916,0.13304038242192617,0.16654068444227935,0.0062196682053608935,0.04460004378700683,0.1275386919500395,0.20944489234241473,0.11345551696620464,0.006647849749482035,0.15605184397605507,0.1273062793956003,0.18176505635881363,0.35432770179175405,0.009458806370951554,0.14662348076191464,0.14426631991950922,0.008146712099377493,0.31506261324363044,0.0409811965489431,0.4523472482607002,0.16882477231648949,0.03531310760690303,0.4012190666826043,0.009378933662261084,0.959312298620999,0.12845055938773803,0.10081067712046306,0.24545107936325927,0.2558041920870748,0.0819931381339461,0.09482016567115169,0.20551708704481006,0.06393040839022444,0.1649744416610542
17,0.2153003195732989,0.3194580417396839,0.22149429816339128,0.19202273353943713,0.4068406481289121,0.28295244007854026,0.28042674042715704,0.8222051318329497,0.6031789557134477,0.10777920253735186,0.013207989198547529,0.1425112761228053,0.05109661093645456,0.8395216219504442,0.10144811632892653,0.05931362663120483,0.14741577758129573,0.8006298403656923,0.23281643614478598,0.21630961840946392,0.24724384560338192,0.5963883128953764,0.2643255376025463,0.16636164033785536,0.30632012255245183,0.43327796212292563,0.0548556189785844,0.28918947205421747,0.12146670835676933,0.5660045773143068,0.24106569103585282,0.07035982767624492,0.35255401299035477,0.26994514964524086,0.07039975314293391,0.2877336919031422,0.23749375145171,0.35407144399065255,0.4438317675072904,0.240408047057701,0.0002097519660743176,0.029127908778527244,0.1317675432060092,0.5564437488123406,0.18425413768730103,0.11167989904816944,0.1925222089108603,0.6888456271145935,0.32382999294792086,0.08691257761325671,0.04871552883540878,0.7615779139212434,0.4289671347957913,0.12640831687016235,0.06657032810009261,0.04333637989507141,0.4534162112630459,0.4017643827337007,0.1030679484141925,0.21759324771458502,0.05987794142599851,0.12031472287779037,0.6645119194271721,0.029614551965923393,0.2538956324188483,0.2003826155096015,0.3075166771626143,0.19989367439428693,0.11287602129777956,0.7765647053379464,0.3513873216554113,0.1746891214349095,0.09774991795773832,0.19906693804874437,0.7485809718680412,0.1466242754661325,0.13143700490446603,0.1636465852884376,0.07265876877956563,0.5368261108173461,0.15153876217061218,0.11362356465254742,0.7310348915372955,0.08879271125396185,0.3984995681502798,0.04880174887910308,0.1168118598069703,0.4848648177367372,0.06872991849681609,0.7714831408664157,0.0036370535067419356,0.1848952112303817,0.21786201654578377,0.09665174494969009,0.09878820526120508,0.27898292699187793,0.2266777761305044,0.11324356696871338,0.28421406873546895,0.12451144898702574
18,0.04220310977847447,0.17342963806200032,0.027666677575661103,0.021853084691356096,0.3524199452132255,0.08784195241591013,0.049443075192692205,0.9991513260278744,0.8815369716919826,0.0017149655942378713,4.836592687072337e-23,0.004814502246275376,1.0893946081943757e-07,0.9999899976004923,0.002488009469787561,0.0005157784028296894,0.011060741657549777,0.9931773685415247,0.029807261099955063,0.032331057044585484,0.058240972130252366,0.8887603341228608,0.07443714623672382,0.007422611686177221,0.11940432738553534,0.46654245922369975,0.0005452509755268989,0.10744133051668099,0.002372756742112615,0.8553108334941715,0.058038810223556024,0.00015794433616182866,0.19517963517629308,0.05745337660812308,0.00025264774773443475,0.16897714260777413,0.06244784748470725,0.17293426540727685,0.49026026210378765,0.03925663716616367,0.0,2.647116189701129e-05,0.004272879812330287,0.8535477208340807,0.012961847896003636,0.0030593700496059566,0.021374047904444516,0.9688773938138485,0.09156138293961505,0.00282862996301871,1.0031326323255883e-05,0.9893806179289455,0.3477798175962552,0.009955175663910487,0.0007597439187026413,0.0001554083285531539,0.4832121145719016,0.366132295255799,0.004273784127852115,0.03990282567464679,6.892265828957879e-05,0.003003618254817347,0.9426488127147489,0.00016920480069895186,0.041510201782432386,0.017395431464719602,0.12754773986698878,0.024366404274487483,0.0025915207223421617,0.9928329668374257,0.22756014326352234,0.014012715102814948,0.003481646245540196,0.030482150108322538,0.9879779736208338,0.012700227480774193,0.009367101708710471,0.0050786581989920275,0.00021957779671293178,0.8509511295252717,0.007281657472081499,0.003776510772787618,0.9869606983595495,0.0005054247577440941,0.28235661233250237,1.1116375699288059e-07,0.002508314504462216,0.41993695514210017,1.164561767993532e-05,0.9757948155876123,0.0,0.013289693557743384,0.056150701963488626,0.0002518307897901717,0.00166812192887108,0.13625277574665612,0.02885748997999304,0.0012709856253940376,0.11538740127830462,0.007367106012045049
19,0.08880406037137643,0.2537627970016698,0.04607457085515501,0.03407068906577541,0.5611309361254148,0.13183946781014144,0.09948084350258785,0.9997450447642293,0.903953582579977,0.0035078021592854303,7.313762131513711e-12,0.01023380935161966,7.953906327606227e-05,0.9999999992090026,0.004082057701612063,0.0011398539807459403,0.014694308113423628,0.999844289295263,0.04572609484616549,0.05803758737218324,0.07180123510056141,0.9512386032955956,0.1158821595016089,0.011869730712405187,0.23766550979616002,0.6439424449823684,4.245255064302961e-05,0.18856631541398353,0.0019238960712518116,0.9238505247988329,0.1172084272042764,0.0006914068150354632,0.33264178897050456,0.08476259736405557,0.0002377467286767517,0.20668589210626342,0.10048201244904406,0.22892357014113285,0.6293651913594372,0.05732553925810757,0.0,1.5399890479270594e-09,0.006677888043048236,0.8966844728239206,0.02022073248291014,0.005052753366863378,0.034961497993599086,0.9859036067573358,0.12556844616795906,0.0018129552477497157,0.00036535503845207636,0.9971161037612357,0.4558143991033038,0.010318249340505802,0.0004166062156254028,0.00012194822674582245,0.6542622897069909,0.5714005468241272,0.004512439025235147,0.07377682737691718,0.00052987688155765,0.011050705727044434,0.9814583394202933,8.753026830164721e-10,0.08042646345071613,0.02228861474307363,0.21167792509575947,0.0402318796713027,0.0038829269424625395,0.9784831309427764,0.3228649907839142,0.01766733999444985,0.005008416270431578,0.03058093662882143,0.9958046829866527,0.021410484951585727,0.005298313209457988,0.007578555408498453,0.00037294546142552595,0.916386913700192,0.01224733670832487,0.0070935319541389165,0.9994655472070296,0.0005242256676307876,0.44507965186121295,8.072177501713721e-08,0.0023861295221298032,0.6939742727288816,0.0002754835984358573,0.9997083573467757,0.0,0.0209869216321135,0.08091666710226086,0.0009765269753624678,0.000577762255622936,0.18515017545172047,0.036695651202450996,0.002835477345778613,0.1951869172267711,0.0066468471479693
20,0.9657874226442451,0.9938611965740332,0.9192142253239242,0.9058020933206078,0.9989798633499505,0.9784727807107574,0.9684583375530917,1.0,0.9999935938205462,0.529864786392113,9.57637872423258e-11,0.6535305001523423,0.02359934629690079,1.0,0.47201177541628725,0.04157312476715283,0.7712624326824359,1.0,0.9456794732895573,0.9431985530243806,0.9679357330197081,0.9999785276161165,0.9842748282020422,0.800123497694367,0.9957550910183116,0.9992424706725482,0.04910816664240418,0.9801048133164124,0.21438992374212174,0.9999951510441004,0.9720702015111715,0.14678269943642452,0.995443966643617,0.9649781291696727,0.06794560105041368,0.9910293025680804,0.9767029109279397,0.9915556751370158,0.9983938105563483,0.9688045572565472,0.0,0.008492364964092917,0.67364412212278,0.999957685410109,0.865387960114838,0.2791785379805506,0.901280315335428,0.9999999998112483,0.9845414583207562,0.3582173900246148,0.015267439986267927,0.999999999999994,0.9977186672743656,0.7287238721840257,0.0751561473585401,0.06071311146093313,0.9979843384100455,0.9996254292107517,0.4587412071161201,0.9678858093600033,0.07406954088365429,0.5535788643733579,0.9999417219129991,0.0022893452911297097,0.942949845006834,0.8761220894964689,0.9878867749837731,0.9436195515640304,0.40044496019057824,1.0,0.9969507607618422,0.8197179759253457,0.5393689965942576,0.9352893684298986,1.0,0.87385130242872,0.6351895068294888,0.6627612978051952,0.05298938246477927,0.999998899170904,0.7284904263217683,0.6066854621666125,0.9999999999999932,0.26919642468490446,0.9976559784519823,0.007754030260295601,0.361144125406257,0.9996016607844048,0.016412780994556796,0.9999999996129817,0.0,0.8015378612149772,0.9711147721497302,0.14059799645494542,0.19023565180222046,0.9893242002132172,0.9252220833714614,0.3252824395867783,0.9835329896373527,0.6462684528405839
21,0.49096415914068564,0.5124219022792056,0.48748771690485876,0.47448267338076666,0.5153053455156169,0.4553720531239417,0.45693137225982505,0.39662559664134917,0.3928946218604489,0.5096437477191662,0.5522381456881219,0.5255330111530635,0.5018547883247533,0.3541367921053707,0.5178593048020765,0.5554920478053617,0.49056144263841517,0.4245677902192992,0.4565046367923108,0.4408498592419203,0.47552272921263444,0.39812882848439807,0.47607777917096755,0.5404284973883419,0.5002419997093639,0.4501111892934596,0.5634874096413885,0.4857343703553847,0.5457553787959908,0.3856465070801422,0.5085758963203607,0.5217926211505994,0.46563953965919924,0.5119728950797923,0.5155929697373878,0.4439869251662363,0.4384542855473926,0.5054028066551226,0.45656170396634393,0.49865200272132915,0.6197279343021757,0.5384977570403914,0.4912376506564015,0.4314515225595048,0.49038059299034437,0.502597607774766,0.49150601240348574,0.500745549480462,0.46681351882032956,0.47026036050533976,0.575772416111238,0.42622798393792194,0.45067985244653536,0.45449947221346704,0.6031700786716349,0.5002498951237253,0.42757056040131813,0.5090535467252087,0.48493174493984836,0.5045287198737889,0.5059513263909171,0.5487147491142971,0.41719270366349437,0.5224908213212397,0.5472622014489997,0.453808223211142,0.4298128544733699,0.5025926639699904,0.5099994806357441,0.3789028858850627,0.40891026111963863,0.48510540008852465,0.5260870239787959,0.4782984036664733,0.4105777409407025,0.49160742460754775,0.5126009455467009,0.5258808941190233,0.5270904723762372,0.4141605019712085,0.5134326615256829,0.4541552279181527,0.41139742316918515,0.4553979880160982,0.48187870090074325,0.5466520944824298,0.5065969020503805,0.4504993242914543,0.5175605799122053,0.42597769187596285,0.6279030756314355,0.473857615449836,0.5177842743833432,0.5762076102966202,0.5106965921868067,0.4800797506380595,0.5256702272016297,0.4480709729227672,0.4633439984427071,0.540716962875797
22,0.6935070956906388,0.7547119432526014,0.6526355023100995,0.6685142673056903,0.8104391744351911,0.7031579271423207,0.6695585882873182,0.9349822758749857,0.8605407072584785,0.5354286812823592,0.2405220435170694,0.556512336075007,0.3664278944993245,0.9223723205589316,0.5740109650225866,0.43553538144203713,0.5979017095825828,0.928951738487368,0.6870270508630599,0.6589729038630171,0.6548749778541886,0.8559422165397639,0.7354312186621158,0.5846372009703651,0.7686016054620859,0.8049561763000804,0.4478878040373317,0.7602604412467859,0.49665651864599747,0.8670735687858084,0.686346243731619,0.47754164800664617,0.7583406443300101,0.7012571687158605,0.41588868673036977,0.7473886951787376,0.6927876186245042,0.7537150390704328,0.7968545857961971,0.7353157583662515,0.07184587698118955,0.27995162719379296,0.5975663531119144,0.8584529988164696,0.6369813527691343,0.5339225245054002,0.6071099524376777,0.8409228034683089,0.7364819200951588,0.5198387978536579,0.41109435734857036,0.9153429531239682,0.7911393297187703,0.5697132099278991,0.44667668893783796,0.4361347942917371,0.7949399062020719,0.787630275958181,0.5167192535511986,0.6772367998083805,0.41005491226782903,0.6150401110796362,0.9107052412875051,0.30793018206812467,0.7179683583524029,0.6325832743540346,0.6895519585938,0.6570176346850687,0.568992497079218,0.8939789738828624,0.7583417999455456,0.5836835366182078,0.5622247857483683,0.6889447304658725,0.8893540005617224,0.6620758634556865,0.5468463068259211,0.5561666419216457,0.3720138911754119,0.871464553993908,0.6205635779604014,0.6008599480297375,0.8991913627275739,0.4976657461342135,0.7753143705089691,0.31148814224334526,0.49600576090485116,0.823061954956727,0.38767554059498754,0.9035860118191568,0.0753516873923639,0.6411394247732783,0.7294907637160665,0.4434903508012328,0.47778843084901174,0.735871031787523,0.6661631382198843,0.5254124053549554,0.7341068514552187,0.5713843497837662
23,0.7058374551801123,0.8313991635872785,0.6087608929799206,0.6387594376526473,0.8526119840226805,0.7294230206030622,0.7152641046995319,0.993937420212357,0.9524236598981265,0.49252890849803843,0.060666748704226184,0.5477582389317768,0.1968117282467718,0.9911671839947576,0.426173900537824,0.26061860380871305,0.5583620139976745,0.9838650455388127,0.6635379064124514,0.639171038116659,0.7333978987695208,0.9608825030425154,0.7796606142015307,0.589064742716085,0.8192919944414746,0.8665063858385496,0.25980943227152703,0.8104706609059444,0.38760744707853617,0.925260606854493,0.7240051660269492,0.32483239902107863,0.8378468780314015,0.7192628657610992,0.281453285757391,0.837351245773148,0.7309978468298541,0.7906092142689309,0.8855665291422105,0.6933331782232349,0.0008294830533374291,0.1163828680187517,0.5560968962866591,0.9343879253254247,0.6002641269991237,0.4501116968980856,0.6691595498304957,0.9344063487183064,0.7877796964047252,0.4203959513210737,0.23583495916169933,0.9736245502626837,0.8887231179898893,0.5133042551821426,0.26983800345675507,0.3100137284505763,0.8955133094387613,0.8681901173046248,0.3918144942478508,0.6591312957260574,0.23421411677675558,0.5100503361412707,0.9723622759570096,0.1620091768509009,0.716433377136399,0.614831851968486,0.799600894168524,0.7010554849606179,0.4537057518921495,0.9779429079551349,0.817850913084257,0.5641090766702916,0.4462911614486551,0.6947683746886375,0.9790577008993431,0.6223279306275503,0.5692270265696735,0.5524644435552009,0.26321867581187397,0.9415618312776975,0.5414876760523816,0.5381735334214279,0.9775819758783463,0.39785740926469915,0.8382394504060632,0.13715092281928654,0.4036736483035505,0.8973351086706,0.1706368123526304,0.9604893698558438,2.7468478548158564e-05,0.6566542519079573,0.766224808179925,0.35327608640580155,0.39989625192097317,0.7828195328107894,0.6580915924567257,0.3945890646077497,0.7982993691328589,0.5585231403715111
24,0.04716663029411995,0.13396155678638558,0.017861058045528767,0.014651377475201741,0.32296381552828046,0.05077898042752087,0.042690551271129265,0.9999999816337821,0.8209353883334125,0.0016742720331352121,2.922463104913179e-09,0.005006642980687013,2.3626514311762997e-06,0.9999752433765927,0.0013149434535551217,0.0003164257855005719,0.008256819501959039,0.9919585378383547,0.03069559224030235,0.029601903072693433,0.05224484323873073,0.849700287452421,0.07003847557657795,0.006127475534370125,0.1275807864558275,0.43946857699072134,6.214284655565482e-05,0.0703820534518752,0.0008089795897741119,0.8387001659690975,0.04830267668563855,0.0003351108698257476,0.17508384016185122,0.043554477623612115,3.1757203517780463e-07,0.1205317558348233,0.04610104273799323,0.14200701537076152,0.4142482090334093,0.03875756635491429,0.0,3.0172127050965375e-06,0.0038801231692996746,0.8301764664745117,0.00910206058694363,0.0010569278900714242,0.014155755217452009,0.9673791965723243,0.09718531797856976,0.0016107685566982364,0.0001100843864451134,0.9953931487910763,0.31170771538907877,0.008819154222514388,0.00038090189283899296,0.0006061838914008699,0.47397398197700574,0.3761269241644624,0.0010877129766142012,0.04232757585919079,7.764755306414136e-06,0.003942671043026953,0.9687378122124697,8.146451431512933e-09,0.029361152927815368,0.012804533312441212,0.1114757782470369,0.02178998887869432,0.0016008943095960943,0.9899119320771116,0.24481460033644148,0.012279726460288467,0.0035731971996269276,0.016871436437405164,0.9822767643140338,0.011060285043139786,0.005310372459897755,0.007927610606535733,0.0004879626155109077,0.8409039325913469,0.004325222516283858,0.0029892409633188975,0.9898987643992118,0.001047834361953152,0.2517918371022953,1.9959796039845105e-05,0.0015310264486900781,0.43826686180821595,0.000103870737317681,0.9693596905843631,0.0,0.006825933033911708,0.03953828006175123,0.000435749813158843,0.0010599059917965046,0.09025930551245645,0.01970530165929965,0.0016019328548230738,0.11926839562876587,0.0036783666690475103
25,0.9939502858899025,0.9980200614586073,0.9905489951134752,0.9876110970725526,0.9993613429731875,0.9962236452325008,0.9939255654267413,1.0,0.9997726455642464,0.9435062077746075,0.09361178853259194,0.9617904118293068,0.5998910252188787,0.9999999999941608,0.9489972042541021,0.7212374672490143,0.9796003912825,0.9999803627478167,0.9885247701372354,0.9915335184683185,0.9939073806696466,0.9996136160171173,0.9963128497394894,0.9809727878748927,0.9978271905350842,0.9990387856916482,0.7020576023861064,0.9971016651553529,0.8883255702718873,0.9999494986375975,0.9964826801142043,0.8409203210764982,0.998422648824971,0.9933316945262586,0.7552426137074768,0.9958983108628913,0.9945036647052473,0.9979310712694008,0.9995690327259346,0.993185346358305,0.00018383399931210943,0.32976573781881235,0.9633820754033029,0.9999678269666765,0.983535875124145,0.919829991278855,0.984409537784523,0.999999837654309,0.9976407533673189,0.9352522740156214,0.6491302444641259,0.9999982493292436,0.9989212273628254,0.9650325943104485,0.72437087591929,0.787375199877856,0.9992599550599927,0.9991284131005104,0.9412464955502458,0.9939508946238108,0.7219720755184654,0.9598542200743533,0.9999998852803735,0.402611769926015,0.9876587365830767,0.9875866498328801,0.9976368828536226,0.9901252129678595,0.9300802092253825,0.99999988923892,0.9981151378292384,0.9806306143029697,0.948220280981113,0.9905545761789718,0.9999998014415563,0.98228476483792,0.965186655832583,0.9781451369672589,0.7139085402361246,0.9997798464066723,0.9746009328708034,0.9684245909696527,0.9999989669609815,0.9052831728620483,0.9988731388551192,0.3628313628134835,0.925214060302072,0.9995171873349726,0.6010564209789867,0.999942908810749,3.780260718972037e-35,0.9747206863507825,0.9947149908752675,0.8550131792290939,0.8691591907850781,0.9977937174188078,0.9908407509113252,0.9244172995334706,0.9968328713791812,0.9669349196873529
26,0.8296256928141927,0.9559010417184848,0.7438849360586386,0.7184598111020749,0.9686361479316495,0.8628176295732973,0.8459137921424541,0.9993998190340392,0.9964937993680936,0.39893645249811577,0.0003151466370978534,0.5071614720495762,0.0498421587334817,0.9999999993830285,0.3776415496345768,0.06398637378239297,0.5592350206255027,0.9999824890843265,0.8056768376899558,0.7759284345536781,0.862755605758527,0.9970784845519678,0.8833550742685483,0.6086993002831425,0.9294863647947839,0.9805892014134429,0.10686264433795037,0.8896032307021264,0.2457736335513696,0.9981735463084871,0.832349263094474,0.18153674463379038,0.9508872731602179,0.8596969669952697,0.09046671594583267,0.9257904340629147,0.8487823214303009,0.9214196660971257,0.9701995817114095,0.8382232750962539,9.011659184483881e-180,0.015186241090295266,0.49587081256047183,0.9968020830443389,0.6752631879591239,0.3155664077083746,0.7341238397238534,0.9984233952784595,0.9032181226627131,0.29371081645640906,0.042385529400359445,0.9983309805929462,0.9749268552010869,0.5460520976502523,0.11894380661690743,0.127730926406758,0.9755894016824765,0.9679350417622905,0.28284716324291503,0.8323333600209527,0.08145611598411655,0.4527559528063461,0.9965957734565513,0.05388689159578314,0.8195230798325652,0.6906608151886958,0.9348026849302336,0.7650470883858634,0.3352022733223143,0.9957513151812311,0.9500594866571549,0.6604501127262654,0.34445346313780073,0.7490188622383438,0.9990977479851832,0.6690727666928712,0.4401410387144344,0.5281095267733066,0.06654411964926829,0.9970232893792569,0.5742235586339648,0.5174902361465292,0.9993822090142689,0.24367433672696848,0.9683529075989707,0.025073701659615658,0.2938387544651945,0.9786913810403867,0.053754316844262934,0.9995384313997626,1.3720325977091012e-103,0.6223444567315977,0.8311986183580892,0.17301013023476527,0.22068369942276095,0.9139081465453565,0.7567444514785865,0.2857781973029299,0.9134434670107909,0.5026661049035568
27,0.38438609441538935,0.39682257895796724,0.46575941648006874,0.4094082244242802,0.3518758370101745,0.43562813572994313,0.42866327771013624,0.16098080315283322,0.32206677940670764,0.5622986317683288,0.7810180727192644,0.5904504858211725,0.710108163910697,0.11697391383284039,0.5701131607803687,0.6193322619384478,0.4675009693736214,0.19401651091558478,0.4707978855694618,0.4457724587382836,0.4420903509074735,0.2335006743985425,0.4178899362679758,0.4646683795141122,0.38859338901542423,0.3232811270792614,0.6490950718093326,0.4115928958189258,0.6057300902047005,0.28907565711321437,0.42679612272260675,0.650714828180105,0.3631562381462633,0.48411113552844703,0.6822443972648583,0.39142581540894794,0.4431139748232102,0.3935540362266872,0.3519341645840455,0.4415165721346292,0.9039593028505435,0.7167493036472733,0.5547094208916602,0.26148195422789916,0.4426894964240744,0.562472671242407,0.4871467528257636,0.1834235432069235,0.4116393891283405,0.6061981128435359,0.6985949788193275,0.1897053473506747,0.33864083448085197,0.49188384915953326,0.6429390458063847,0.6153539254731798,0.34059316482707785,0.36275805116347537,0.4884457431970874,0.4025537653331843,0.6797882202387332,0.5434877268152551,0.18937777482705997,0.7116039588200634,0.4583861219913189,0.4745161718601011,0.41647354448963164,0.4890517573946957,0.5657062150619729,0.1847777830500199,0.38543081256046113,0.48845434738334353,0.5488127515596731,0.4169302944336923,0.21026817418476237,0.5300710545249138,0.4715337581994671,0.5103226252765393,0.6807762315027037,0.2538827352543867,0.48708137750947655,0.5696987840461742,0.1855467427529363,0.5898124059117877,0.28352369569992525,0.7410025886483473,0.5780943803270489,0.34356488719451306,0.7296986524770824,0.17552013215689094,0.9206424897916291,0.503013145428212,0.46213107763879085,0.5458966319322518,0.6335716790014009,0.350761434692136,0.5247377451789893,0.531682407429772,0.37494865758490653,0.5017479437116459
28,0.4873983573292407,0.5030752598085794,0.4439215185965406,0.43909967897275315,0.5719638495949247,0.4537418121539434,0.4402994536395688,0.7274953812173475,0.6543449348432604,0.3695664978852575,0.21178208453672734,0.4109616371643387,0.2766113489284401,0.7579177579146904,0.3890710396279087,0.2839951890632012,0.3576973866717549,0.689562122892401,0.42790892420359555,0.48860831789464365,0.48729553893630795,0.6983237436501271,0.4856782435851934,0.44375785533908885,0.5226400345299232,0.5835234949807521,0.32839200523183076,0.48079205703378114,0.3525119858598613,0.6491368473906007,0.46988674226196864,0.33057481415824996,0.5210878619557066,0.457246056214986,0.31910780765093966,0.5031331475919516,0.4913441920201385,0.4830372982850295,0.5464279347473553,0.533497849259761,0.14518329897304058,0.2688836906200527,0.41568532355708504,0.6062817063346593,0.478130700848638,0.3862697868181542,0.4889678046853213,0.7106060987079543,0.46599504663944474,0.30849065867805164,0.3604247575893417,0.7083818634452035,0.5654822144980044,0.4309899517058016,0.3630401257618579,0.3088258407728999,0.575864066376574,0.5431291274903343,0.3688763587606472,0.4671936305752344,0.38736102162271197,0.46211636570050474,0.6799220955619922,0.2406237638788187,0.45222501471643023,0.4253473339281655,0.52370684900807,0.394810839646533,0.3916605631389975,0.6725949708856063,0.5445199340205188,0.46006966634423657,0.38726078797548896,0.4537418591219457,0.7180000615737242,0.4087172310866029,0.4233223883598009,0.43139300507111294,0.3188387324313534,0.6437858008944676,0.4155517355989792,0.4209880680142998,0.6214397700969468,0.3619605742465318,0.5246653411264268,0.2646003239271144,0.35584819070519397,0.5245180018842134,0.26195667442431103,0.667827854364005,0.08874627448928185,0.46857457585764917,0.4803883230822252,0.3715213420004334,0.3629954938829165,0.43658145055020287,0.4588137505886419,0.39489997737512,0.4599091321104941,0.39746226807417784
29,0.4354133218726961,0.36558546848325163,0.43919619447897384,0.5120800932512207,0.38004853702016095,0.4424655355998796,0.4182238071611343,0.2533010000419479,0.35649667970464466,0.5069265180253655,0.5594373087785951,0.4341301969398101,0.5626746876136032,0.2795025361405666,0.4928244482985336,0.5357154794774535,0.4372761800289027,0.2979429110847709,0.4627444310023157,0.399276553867556,0.40705242430610655,0.29089133625998814,0.4503274143117472,0.43758569397476693,0.4678563083488097,0.3781833009480264,0.5074817246056674,0.37583401121256976,0.5186855820805388,0.3506341926826307,0.4499785213497892,0.5220233601892246,0.4209888645459626,0.42486688932115707,0.5139401438668803,0.42878430258373035,0.4340019023075712,0.3609075231707537,0.3959019865877504,0.4790629166467522,0.7084462290267999,0.6060241956147435,0.4260115573374956,0.3259221022393494,0.4196973773069896,0.4763513563321954,0.4120171725219929,0.29407134011411007,0.38455535051872564,0.4963195122308738,0.5804468336590122,0.2623405448099609,0.37284571686913304,0.4660095339546171,0.542966956655072,0.5534523677494676,0.3613455911685522,0.34513146438851644,0.5120561396709197,0.4406288153508819,0.5717901308125597,0.4993712301819271,0.31396645730634937,0.5330335822130936,0.47101365265119155,0.4434953933700875,0.4066953521098349,0.4001446390443884,0.5097037399961937,0.3382225308590622,0.39006159794010764,0.4273247540956073,0.4990692627238915,0.3920455237004028,0.26228564885118166,0.4132038135734158,0.4548935950606719,0.4707316678328722,0.5198777702560577,0.3880047121490638,0.45640510762518055,0.45083235630153445,0.32779190803881364,0.51763810233893,0.3606659355567914,0.5464733717724111,0.5172855932931572,0.4312966692845108,0.5109563233510565,0.28606699440795264,0.7228203938234506,0.4486409139710495,0.3987839566642066,0.5115909501739175,0.5286971564187811,0.4411854585333068,0.45948882228143895,0.5120549180244085,0.4455170494656433,0.5200360301981928
30,0.7573302713233437,0.9058766088686474,0.7019133904516552,0.6759820200851554,0.9556638172173377,0.8179771936071795,0.828671942211366,0.9998799201645804,0.9916101071709068,0.3944389384920926,0.0023423268520312485,0.4889692913015994,0.1032823035395973,0.99999870775508,0.3937779542726965,0.10944467773958548,0.4903779479099166,0.999784704119945,0.743715731618455,0.72851831502202,0.8290892203225337,0.992362115439414,0.8480963978012886,0.5581283193387826,0.8833423377550096,0.9664108072559168,0.0881872800180112,0.9075041387247815,0.1944048839038183,0.9888885218416656,0.8202053247111114,0.16597670152295016,0.9297093347207454,0.7958003107135591,0.10697556437603634,0.8822524866977307,0.8066093287363546,0.9121141191380027,0.9617031391291292,0.7880971331440384,2.9590737351472096e-15,0.03296223982010134,0.49167704945340496,0.989836582867942,0.627480907933976,0.32398553828764365,0.6416137418799469,0.9950880722494976,0.8589316846454454,0.3396215203933011,0.06754123484623122,0.9944480596067266,0.961860103672155,0.5240318878778748,0.12275375140827288,0.12372633951524223,0.9649808931156959,0.9161707497936865,0.36846172668147303,0.8045125567069898,0.10002601449552115,0.4161221647661845,0.995741460889948,0.03358685379693926,0.7396222867856618,0.6785244171514242,0.8920880509439594,0.7511082293627492,0.33578341785807064,0.9994304006703123,0.9240557212438586,0.6046089677518335,0.43560852724602106,0.7026593004420915,0.9985429707720271,0.668625997318354,0.43176752963373366,0.4620166872856876,0.06992923008779668,0.9908590247976384,0.5388536126480646,0.5236073510823118,0.9980949238826043,0.2678387263990697,0.9517711015269029,0.045165456103008914,0.32226583350597743,0.9710769686818156,0.06503319318223345,0.9937558855981631,1.4244976745970354e-42,0.6187798331297406,0.8017588909024531,0.17252678416337852,0.22698561477739015,0.8954196864369431,0.6960869179552972,0.3337709388593433,0.9003782545727139,0.4635805222490941
31,0.03720807212112866,0.11666364208141414,0.034495891677711776,0.031642954913934596,0.21479694126445378,0.05907168758148289,0.05961701083997466,0.9391939235813267,0.583216229629096,0.012431224352898404,0.00014108021754652457,0.008429016483947364,0.0005572511085159032,0.9668500038193863,0.005950702000787288,0.0010379661972482242,0.018105392682089713,0.9032131565261241,0.03621768006606223,0.03846513182344471,0.05684338438096278,0.563458167928016,0.0681030931715346,0.014175384682034378,0.11902661237355348,0.2617172237824036,0.0005262495727787049,0.0995332504598465,0.007791093424882429,0.5027696844083578,0.06049522913958886,0.003002735846635485,0.1492003720384558,0.051780422665290475,0.0025528518110143794,0.09245222816253441,0.06120683076812263,0.13669354415795187,0.24857494044693862,0.05370234490994814,2.70044618255583e-117,8.931016908457478e-05,0.007777288662686636,0.5308408909793999,0.026154282815983643,0.006423259533298612,0.021338011102288324,0.7698204011933113,0.07861536451712113,0.0065628334559848945,0.003110595375997045,0.8869427603838403,0.18085081974235503,0.012452267723805198,0.0020777848175517325,0.0016257200483598363,0.2603168267952252,0.20647352907305044,0.005387390455232844,0.05252841856562247,0.002266243425784608,0.010344171063381211,0.7673725149367314,0.00020991338217791713,0.03455337849513565,0.026702404141463458,0.1078748372765698,0.04694774889920494,0.009285366912575772,0.8455581451988913,0.14277452627927112,0.020306659100321377,0.006217657396055395,0.04262458374853874,0.8625529371152441,0.02047288816533516,0.012897914029241031,0.014583312489477744,0.0028377090196613536,0.5756011812631098,0.017187259517214278,0.011806917352999992,0.8137163554464298,0.008583029363103803,0.16754495354293264,0.0011688415113644917,0.005598973748167254,0.2627929001917355,0.0008623648557611614,0.8556715302473148,4.3958309312336625e-176,0.019608479397401277,0.0421960475930502,0.00239865245933984,0.0033194460434521544,0.07744458518879234,0.03602672071707409,0.00891306372426354,0.10099273117735373,0.012779911322777131
32,0.42065296750389636,0.4568849009626794,0.45292518031972184,0.45506911379899756,0.46197289705156863,0.4075890238793212,0.4492150611248013,0.5559220347336833,0.5203987474712853,0.3428756242797428,0.3347363300432756,0.3858330926871866,0.3845312097438673,0.5450467692418384,0.4009031484283355,0.38207708579924665,0.44532765259071666,0.49628719560290446,0.4155760610995289,0.444273470803497,0.44492232293678663,0.5012264655659802,0.4019371549601689,0.4073536166082613,0.43339117363472196,0.48140896302353703,0.39358626821576465,0.4733589734481037,0.3767825842015571,0.49482769759586176,0.41747667853585385,0.4094592452297834,0.4169997947014697,0.4208839376647901,0.37369607086083517,0.44616257848886254,0.45588507320623806,0.43310539664628633,0.4283213992856596,0.3996547687317683,0.2518052993558619,0.3043842300745977,0.35506480900260406,0.4712179621809343,0.33656927680184423,0.40021650668803077,0.44987678737198633,0.4908715672029496,0.43871924067585233,0.4215481299637917,0.3535145200907896,0.5122260410680141,0.4166124367727067,0.4256067652077931,0.3325439794190722,0.3656708224327302,0.46553735272481556,0.4746208647435861,0.3789889609993562,0.44919814422090687,0.3916810725853194,0.4346838908930814,0.484420154494197,0.4041046958416551,0.43172120126171554,0.4123558053969258,0.43974879338129136,0.4679807613793939,0.4007628964462158,0.5144288920642023,0.4461819951779295,0.4147353304131693,0.37232244245656554,0.44233333562576377,0.5224060953077104,0.38645434859355826,0.39422293501803596,0.35846994242040053,0.3825239729641144,0.45419890825039383,0.4017740231782359,0.4011313005729257,0.5194346051004062,0.3433764856080089,0.42814617151568746,0.37625136826464256,0.4195617226152954,0.4857128896219105,0.3865907820714486,0.5478360317600378,0.29245434062407444,0.4400206343556544,0.43595702071816367,0.40463276850554053,0.4522454049987037,0.48338151290593695,0.45210776267725145,0.38952930488333776,0.4306497649092739,0.4443406501233939
33,0.0010571641444261993,0.005232035838434154,0.00032905991734301,0.00023168252141868084,0.012311850363091674,0.0012912191478691786,0.0006906433401483605,0.9328077159046689,0.1344773094135663,5.861253297390102e-05,1.035613452942333e-76,3.045159026070435e-05,2.1038526051489868e-07,0.965240091051869,4.161495413747887e-05,4.256147278292416e-06,0.00010010241381307175,0.8034369407477642,0.00043826963511245224,0.0008154892364308958,0.0008478316283975441,0.1643520904801569,0.0014068937206116504,0.0001507465237624759,0.0036132320243643656,0.018986381318646665,1.1697039969872242e-05,0.0019397926347584874,1.0769376485966973e-05,0.1363192662894054,0.001100692025552856,1.8135486733611425e-05,0.006332137447084218,0.0006352761355138742,5.0840874817205734e-06,0.0028945173657506846,0.0013593606687809015,0.003937872328230377,0.015345023929728106,0.0005594630114326103,0.0,1.0733925749713792e-10,3.1730332819064256e-05,0.14563305771607565,0.0001810807226215668,1.4866483570163804e-05,0.00025349945893081666,0.3763862655100551,0.001953888238892727,1.697673915095694e-05,1.3833145172024222e-06,0.7657822024995743,0.008890470302453098,0.0001373913948822252,8.346762595820779e-06,3.5254270769048786e-06,0.02151985761167717,0.011638056640707668,1.1514872655297977e-05,0.0011142882062310697,5.350401554798025e-07,0.00011876625895223034,0.5029291749060968,1.4350520119154324e-11,0.00047677342003382846,0.00020136873669889536,0.002776036187901472,0.0005319566593935258,4.380023514912084e-05,0.6464546994437055,0.004651247722108621,0.0001198013639440731,3.1705253620718166e-05,0.0003696253420670552,0.6525101923997734,0.0001720856025263578,0.00010319810484659397,0.00011069294022611413,3.853322012642161e-06,0.12651560483499769,0.0001494458197863923,3.354954494980436e-05,0.6097756406146542,1.6119728883843035e-05,0.007123929866974862,3.094728420206525e-07,4.0048172684183535e-05,0.01989909499959221,1.005690667527257e-08,0.6259312716379136,0.0,0.00015226010702062612,0.0008609449870847684,8.31250454872669e-06,4.170960229290144e-06,0.002645986339261214,0.0003508456065560248,2.3316331616860035e-05,0.0019107001147751442,0.00010908897538228152
34,0.02249572182527272,0.0764890326429359,0.016555222040328974,0.013925466601142815,0.1112817463255002,0.029648541959382123,0.026838796449229593,0.8711161699903804,0.32244454818159807,0.00464040059548803,1.1471840048668944e-06,0.005835148929842699,0.000346785518990798,0.9005490038508798,0.005396659341172916,0.0008272204317213446,0.007831534570983891,0.8533387449586044,0.020334821932914568,0.021314082213473102,0.022629735186663624,0.4203926520756606,0.03337392151333846,0.0074759483918585366,0.04509681072973584,0.140261047699841,0.001136013905022906,0.04643521116326666,0.0013033618755037074,0.3362293962841797,0.03289700668231787,0.0012428872521840668,0.07001906475641607,0.020777222733423324,0.0013795226013623679,0.05595263117315787,0.030527688295838264,0.06147069531438164,0.13240446121457197,0.021943552616693715,6.489413683081338e-19,8.625865834053486e-05,0.0064077451585636425,0.36293114142540767,0.012089914991749053,0.003143378567529021,0.01748360809866849,0.5479692372397992,0.03399821548837833,0.002741382086526587,0.0002698356453755169,0.745525935943122,0.08875559723433253,0.006715078422377714,0.003072857918508466,0.00174927515052553,0.14557590383151722,0.10647441957123746,0.005258339326972342,0.017234241981397624,0.0008938813658608012,0.00477174984638429,0.6088752147260283,0.0007135377354020374,0.023371455722505943,0.015127077036268645,0.04818005052294682,0.018698775961179682,0.005870870967150716,0.7373481779851438,0.07375602339720294,0.010229389544334421,0.004637073201946577,0.013619309975093936,0.7278946942333918,0.009629239574809371,0.00856366779035566,0.004885619301755239,0.00048245429094542644,0.37865771384093216,0.008912852223436806,0.005552498402534534,0.7233918537041071,0.002383979894470548,0.11159311192341352,0.00028889869403177145,0.003298053376359928,0.1356601105838572,0.00040428935770795815,0.6758275542010908,3.596641913941257e-25,0.01657535611609315,0.024494436090619028,0.0013620971927876403,0.0024131424611536943,0.04741463190178638,0.017053725446465277,0.003266067649656154,0.04386203497095042,0.0073367221907974355
35,0.21472797257334197,0.30983411008041073,0.16400632534127627,0.1491548096966633,0.44795205577856584,0.20627634649449905,0.20062089234925537,0.9335724899099662,0.6746427878905057,0.07953392990848684,0.00428179995583788,0.09202814690622108,0.008482221503573273,0.950638249823601,0.052856889897765956,0.025601062396835315,0.10398537766910743,0.8788952925390278,0.20001240472546986,0.19819691891548133,0.2290771267594863,0.7377505502301094,0.24618746366888264,0.10968497085046451,0.3239581992347828,0.46019936601671746,0.02012340999307977,0.28116907854952544,0.04357018297111506,0.7216086620552068,0.2272208186461615,0.04839180837551995,0.3867805588563342,0.2164439801375181,0.029219779891615363,0.33838853125813195,0.23011420173347935,0.3316899415054705,0.48623447258735875,0.22276388078024645,0.0017471647732625326,0.023472222934230742,0.08078687756963733,0.6999602193826717,0.13961848530777532,0.05764289837647873,0.11609377238295478,0.8031294584739055,0.2849093783834512,0.05726238498562722,0.01792772790271797,0.8839674103631368,0.4101511231334864,0.11897756369816317,0.026786951740468235,0.028697138364309843,0.5053071248268667,0.4338203948914534,0.06578068635435291,0.22169505677386106,0.031005298318722282,0.07381071379207736,0.7880844718881411,0.008588101454944392,0.18483772656175712,0.11502870258445995,0.30242436629877956,0.1935165092242614,0.05583833740205368,0.9111633658448478,0.3427723895229439,0.13551011855651146,0.07721553344908302,0.14304455921814346,0.8021106315802412,0.1545055116405569,0.08435886827345392,0.1018877357657891,0.01663528801277349,0.7098961126558544,0.1024101224352774,0.08714808837531302,0.8518105361115215,0.06394280010030644,0.40372322666696775,0.007741856186615687,0.05128676671208468,0.5428591568903998,0.023395695440080518,0.8604970906133985,1.3946713253976142e-06,0.11109041785103485,0.21245121511504186,0.041383256127204573,0.054303190031038395,0.26146744577473363,0.13459462380599452,0.04740958042576657,0.30893083541187705,0.09819086677732371
36,0.0075423740051745215,0.08431696489262527,0.0033726556367282127,0.002526274057870598,0.2698541556321536,0.01856361691159829,0.011998217568299697,0.9999999999517324,0.8547346742208617,0.0002445658598191084,2.7527182312727775e-31,0.001116390501604103,3.579961436607139e-18,0.9999999999993672,0.00013506278420160272,7.029217705601982e-10,0.0010030275788634041,0.99997768126985,0.005820422951540322,0.006049849536630707,0.011908452080611996,0.9045214336198568,0.023288671269659108,0.0010909105690317565,0.06629805688708339,0.3695252936797355,1.1949644401943723e-08,0.037378166064731294,1.0343635788596389e-07,0.8660073975480853,0.01719581449174394,3.9077178728997346e-05,0.1089511435366743,0.009385815082557121,2.686041175571723e-11,0.04910792327302991,0.017908779676330727,0.07995617445175586,0.30283495823199774,0.012032427298353365,0.0,1.5730154312290866e-06,0.0004449362750089898,0.8786251992911304,0.001985471960619886,0.00012296435931100544,0.0029827862258766363,0.9630964700432355,0.028497127466241782,5.054673116716428e-05,3.3985779753865073e-07,0.9973159723262688,0.19873925639736087,0.0009349628217528038,2.8189563435432195e-08,6.135349749418074e-07,0.4089097387009552,0.2514168225155776,0.0001453399914806956,0.012765016460668108,1.6763411448175273e-05,0.0003291628530272056,0.980175362885947,1.1059080304951089e-10,0.012207894030126919,0.003955086047677493,0.062445783205349124,0.004845909019190687,0.0002709411679909555,0.983036137335096,0.12021411528953983,0.0017792472244196492,0.0001042647435036386,0.003460248788299494,0.994191584168326,0.0011849018851141674,0.0007409059895737371,0.0011237142533868053,5.004198028517012e-05,0.8791304118768138,0.0004941072157692606,0.0010040968300026006,0.9840139793457504,0.00025907222067359393,0.17088284621681804,2.0250672256701746e-07,0.00014312030347370312,0.362401461089437,1.378816312148897e-06,0.9860268104547767,0.0,0.0015696848745775163,0.014435788500195133,1.5267857938717778e-05,8.339607435061793e-06,0.043207906295388156,0.004942934097668736,0.0001475416580338852,0.042218568151056596,0.0008147905934185066
37,0.12707886024346848,0.2937879193507437,0.10055898026141535,0.08952441285417151,0.4756658701272092,0.21896460164592,0.16039575207768,0.9743143920712665,0.7533177298831363,0.031028255330634576,3.2907675310758236e-05,0.04559757797460317,0.0014986214201351288,0.9893976337060104,0.02151640031584035,0.005547248937437587,0.04804700304933755,0.9764222640171317,0.13463379950497878,0.1030833507517599,0.14417658783453136,0.7986251111257073,0.18005342236298283,0.051466952752984775,0.2702418583764335,0.5109813463388954,0.004648973423523932,0.18538430626552344,0.016847083433782453,0.7401312294898179,0.17250624407508558,0.007339273330144918,0.34724845197943977,0.12782295593122117,0.0066631828685772875,0.2554192420742518,0.17511791822779288,0.2620892733483486,0.4985246790180817,0.15118329935864672,3.062459985960365e-42,0.003987195922431999,0.04684459398175357,0.7503766456887953,0.08088423208323232,0.03346263652683854,0.07370821324182897,0.8641689407381209,0.2013960696933985,0.028009543617688832,0.0032844545861793607,0.941979642167907,0.4182105624207661,0.04134582855273546,0.011681262407344404,0.012075077358762266,0.5532061338121959,0.5006968222251307,0.030582600980897413,0.14588369674526894,0.007127957874109153,0.022421537610978627,0.9050916231015985,0.0019844176433800684,0.12544329489630207,0.08677098916692191,0.2722885695055321,0.10483538128612682,0.02713920974124495,0.9564575430940423,0.3327779445256691,0.05764931563989656,0.03470371104420858,0.11375031734738261,0.9331458104782374,0.08316022581299358,0.059057421155541065,0.0442510400730609,0.004498782943360494,0.734238519418454,0.05316128501062439,0.03661963083960527,0.9557414686782637,0.01286789785516567,0.42352839545269233,0.0013551443137720027,0.02180535485614191,0.5171044447175092,0.00646657432453872,0.9601086074360982,4.2059905799892636e-20,0.07171772597010938,0.14252959747407712,0.01329579255936459,0.013168429574734046,0.2545099365093087,0.10720925233472416,0.017922895437953255,0.2063361248224332,0.039472308792994806
38,0.6288525600574795,0.6656644434464488,0.5754776759670305,0.5280074706001942,0.6686584613770679,0.5988208286582261,0.5897966443875183,0.9146982407157725,0.7743154437500194,0.4828908378410079,0.14772492396720732,0.45306126417848575,0.32619703385940646,0.9131909914950076,0.3777780755568792,0.3023953069033833,0.48099798460380705,0.8878876299900531,0.5994705215132011,0.5631676224409646,0.5941150666628006,0.7805783599187451,0.5940944741082335,0.4917909224910744,0.6511862185892682,0.7200316633550052,0.29089809122822674,0.6279499985373316,0.3993031642443683,0.8095829986561719,0.6109530003347596,0.3633199099507034,0.5894518125225051,0.5365502525681666,0.3516650099758534,0.630895936729443,0.5901026356079208,0.6766787258235436,0.7478751238609747,0.6320956364004405,0.028637800886502366,0.2473477472630567,0.5134110226208545,0.8134888540265099,0.5198019645292358,0.4137063827706804,0.5721221251507914,0.8185416883869882,0.630194764402115,0.391670650315166,0.290297188582308,0.8878084885593399,0.6872715563393567,0.4803784483389685,0.3548329946040336,0.36135787851501794,0.7163244972035175,0.6518155066211746,0.4391846622973981,0.5634886425466314,0.3226960095779718,0.4123248566387621,0.819087833891213,0.25163303506270773,0.5546759988424491,0.5432379634838638,0.6438602296747158,0.6021310714674077,0.410865930826691,0.866124921399833,0.6173264997145157,0.4748956887251595,0.48472701800010254,0.5611781481331618,0.8637065283707132,0.5509155342260148,0.4757577622190193,0.5145827171993359,0.3447572847898559,0.7842781863489108,0.459670895095556,0.5123763282370158,0.8722256518695711,0.41851212839473617,0.7167823038955919,0.20868549581271637,0.4064291633179806,0.6935769198798384,0.2967671217357531,0.8679678993043646,0.052456830202613415,0.5069497694693775,0.6015447528517618,0.3221871918184476,0.39415565967409877,0.5990349054965028,0.5842330200312399,0.43060162520305006,0.5923091711373513,0.4572067436409869
39,0.567688214601753,0.4670751535250096,0.623804639863062,0.6844844832947916,0.3843899023368828,0.5540916481846846,0.5534613265827182,0.06391119576465049,0.25618630991567065,0.7119383750348119,0.9618979683483764,0.760397596361331,0.9067537376331419,0.06394314217090499,0.7754273007509811,0.8862088161264698,0.702211917090516,0.09217427229377238,0.5822824063170668,0.5702536327268196,0.5495210740241278,0.2148452535893225,0.5051142949989644,0.6857334249717632,0.459656761555969,0.3971597371619694,0.8494787799995126,0.5580574249405545,0.8309868737993611,0.23219374372838775,0.5423254446524568,0.8494251470522939,0.4186021888620977,0.5672141576197076,0.8366130797254798,0.4839406625391031,0.5378486021933836,0.4424421755255478,0.36243154800386135,0.5703598172544665,0.9931314574182107,0.9288496320916395,0.7031076499777613,0.2572828621285837,0.6536972456671712,0.7373130153231813,0.6216433563831993,0.18088645500706146,0.47108410114719207,0.7898456849595844,0.8971188378289625,0.13440429109655874,0.43638308525600455,0.7265394590840785,0.8467412902401886,0.8524147792240995,0.3285306362905297,0.36734552833201783,0.7648773427139018,0.484899814003282,0.8586374216590614,0.7173354111542962,0.1787546685183009,0.9305858858704887,0.5441926104539827,0.6625077962785991,0.4886453571158351,0.6213720125701611,0.7861978130558306,0.13319788352817732,0.433940992314127,0.6748910697965151,0.754485630089313,0.6000592818963955,0.12603169536335357,0.6343393134968855,0.7119008016324239,0.7587413982112636,0.8701820731917037,0.24899357444648051,0.6477033607834477,0.7308455983265716,0.1167341197179449,0.8165185231142015,0.3463060475945234,0.9126612067821516,0.7790113935587927,0.34325297321826675,0.9090647142710122,0.13157723889538356,0.9954621326765175,0.688554433654484,0.5658242230071577,0.827995344511567,0.816060381404566,0.46777463585310686,0.6153088980146504,0.7502565746072165,0.5202707256357022,0.7267299048994224
40,0.0001380323489882096,0.000477008862146135,7.527922488727981e-05,6.465043295287986e-05,0.0011890810608042722,0.00015482294596941203,0.00011618653767247474,0.3378314609122775,0.008151291163356344,8.580725947934559e-06,1.6556673984192376e-11,1.3365602188835835e-05,3.5878949517638014e-08,0.3657933050945733,4.759550125935836e-06,9.596836015419368e-07,2.0808294855336468e-05,0.1485273085766239,8.83646915892525e-05,7.980633389082838e-05,0.0001676458759306423,0.010112729133085084,0.00018054035589308904,3.242832203275464e-05,0.00038217017147425405,0.0017539364084700091,2.722789534243903e-06,0.00021456547772227223,3.282265156444841e-06,0.009114189482510733,0.00018504219096729914,8.003186205948646e-06,0.0007137432739192944,0.00012689156592897481,7.408671251688078e-08,0.0003807797613705595,0.00012900584044568306,0.00036128988985643874,0.0015434516667104125,9.190836177839479e-05,0.0,2.1083129314379729e-10,1.1208835212034511e-05,0.010117655477762668,4.389852433770287e-05,4.785463141015213e-06,6.120110713108753e-05,0.034216132925236946,0.0002647235161975752,4.881846354724534e-06,3.8159288096533077e-07,0.11209206124294276,0.001046968029313248,1.5174018500787298e-05,7.320386201446125e-07,8.738574446773895e-07,0.001947811974055333,0.0010486064731495054,5.1353762225162525e-06,0.00010417762142610405,6.815429740682769e-07,1.707148725478981e-05,0.038459991058123755,3.791721722583852e-08,0.00011195569767756525,6.044835154275748e-05,0.0003367657112631414,7.849725039876233e-05,7.0889743594615754e-06,0.06335483530905467,0.0005096332062820851,3.7425501838365116e-05,5.184209993945502e-06,6.417000066910034e-05,0.07010381664043218,4.046566510101132e-05,1.3037965703320864e-05,2.446207093001313e-05,1.01668681052944e-06,0.010614439896195413,2.1338248476103277e-05,2.51882583936456e-05,0.06630065065179552,5.861565774574787e-06,0.000681825140550603,2.724478136516291e-09,1.0218393499271754e-05,0.00150459320730104,2.1330872706915945e-06,0.05824057797812656,0.0,4.456899941899343e-05,0.0001577501480649629,4.723835327851688e-06,6.974944203170581e-06,0.00038453579082252403,6.562964761414641e-05,4.600166328212819e-06,0.0002611859402185869,2.089147912546562e-05
41,0.9915943454425918,0.9987102543892354,0.9823126801659501,0.9788897731668956,0.9996081868597428,0.9950579896828906,0.994530751280725,1.0,0.999956467316121,0.8673521195676337,0.0014661256155899896,0.9361971109402285,0.1561563693476675,0.9999999112539057,0.877573889377118,0.29024037009507814,0.9614368545445686,1.0,0.9895223189386784,0.9871059589302152,0.9939477152468211,0.9999998113175755,0.9956396658890156,0.9622860209629444,0.9986469114778764,0.9996206985329492,0.3504824626823578,0.9980794146705465,0.7185396897291,0.9999861340029679,0.9944931256452131,0.5827901134712898,0.9994001133949735,0.9919032332106696,0.30472567477382617,0.9973418831695844,0.9934542972174256,0.9989365745593136,0.9996165778106183,0.9928770826430013,0.0,0.06658890712717472,0.9224094782150118,0.9999916374433226,0.9779976624091868,0.8162599569868921,0.9815424256696648,0.9999890563404265,0.997331840656821,0.8384099444727535,0.20577644240665102,1.0,0.999725225320183,0.9538086277369355,0.40668327492051065,0.40121142858262876,0.999765653800719,0.9991771144754168,0.8286309513780148,0.9922096325956723,0.34518121802614393,0.8730452841697772,0.9999998030646313,0.0717750561799885,0.9883015000890764,0.9829801042572289,0.9977513689763623,0.9889776639981904,0.8541294633441642,1.0,0.9977484817575647,0.9607807040827453,0.8949247905778354,0.9821568008463146,1.0,0.9728825833562733,0.9219331299058592,0.9330204178594838,0.287094527533011,0.999967453319874,0.9477703857787608,0.9266538074589925,0.9999998365926408,0.7203269715831057,0.9998279530582789,0.07270226579371075,0.8187937193757656,0.9997892404568964,0.15996458994440146,1.0,0.0,0.9760036069654254,0.9947949905586565,0.6294110672806125,0.7135934430795694,0.9955911402468587,0.9903181689655773,0.7893349205570952,0.9974731711069883,0.9142524408034705
42,0.2709744047516619,0.282182853082175,0.27703099581035173,0.2281175592179719,0.2169898405970857,0.2780794243126978,0.26282281506727423,0.1080604922780538,0.17380318977155043,0.30727377697203767,0.4790125278556296,0.30276966722747806,0.39614442719801685,0.12298655896503076,0.3665171827767494,0.3944678559186302,0.3226872544439219,0.13479894653828342,0.28102193318997964,0.24555675503781355,0.26102579179969515,0.18944193736865875,0.2563265052430829,0.27852842246592746,0.23628495507911645,0.2510638213120859,0.4042087723502861,0.22194991091527327,0.35120114705409766,0.21293661459799995,0.27379953259775,0.3946637441459709,0.30411525174663673,0.24061673016176882,0.3728600760031197,0.22293045803678257,0.2640339063542961,0.207847849055712,0.2415279057815039,0.24274185958139896,0.6097693444761911,0.4081087764389557,0.31861378151440506,0.1849680188683764,0.32785865185542723,0.34086746208080243,0.2631825762558562,0.17205162300466714,0.2687666925213501,0.31459772293275745,0.3635107774392015,0.13504141606434733,0.2239076491628412,0.31374586332240095,0.3828788980653615,0.35749121736297323,0.20336595594404694,0.16547764620887778,0.3282820549648308,0.25826955457678474,0.39800255702400217,0.30673282478091124,0.17719012632265305,0.44665919991266706,0.2807613448169474,0.2994903932855171,0.22599553357852742,0.2629808207329146,0.3157326726991115,0.14505619782481674,0.2520576416556834,0.296337634637867,0.26417675924153505,0.2991697786196175,0.18362224055558962,0.3058474141200093,0.2887904622665188,0.3199582841167934,0.44262902647507346,0.19233593527491885,0.2884928794006855,0.2882544291335691,0.1814119715839293,0.3076472846456019,0.23389774479868744,0.4538895934667815,0.36123541951672794,0.23429178403552403,0.4049199898504549,0.15442648861568606,0.6789625807806707,0.32072047098327244,0.31705313701812515,0.33705107231618664,0.34261283595556785,0.2530678815398904,0.3114956240995749,0.34641016580400935,0.2698368666238064,0.30467663944278817
43,0.30115021005495196,0.4452620992124703,0.21943987947285407,0.25508527511414647,0.5402840886682191,0.26993728269155143,0.29601995636446365,0.9569013393673198,0.8090718107022192,0.12007739355900032,0.005776527751128968,0.13029984588171226,0.045840900432852195,0.9609995504049964,0.11369507334076925,0.05725851696603426,0.1545648419537136,0.9292575187948492,0.264895988164063,0.2603816117423583,0.31254686369029894,0.7646313632273756,0.3154378515951871,0.16914100418479452,0.4503479621661131,0.5669069885934641,0.06352223303768602,0.33058964674010094,0.0635500647881249,0.7215518567132907,0.332765370131756,0.0661007898276693,0.4667638072399868,0.31543985272536873,0.04101579690640261,0.47371513336501897,0.34205043082476616,0.43212322314529344,0.5833970707895036,0.31287522017244596,0.00025113354659388827,0.013465098039678904,0.15741527736000605,0.7280639408766321,0.21030875642160446,0.08075794903618683,0.2593819523714486,0.8639483057348238,0.38516983639761043,0.09558472635292305,0.031518142610938354,0.9263770049845295,0.5579371323798551,0.1514555884028479,0.0526452244625232,0.0540440618185402,0.5609487459054543,0.5624446184903062,0.1250302024947733,0.29631748091377746,0.048208304159058725,0.12065323901277308,0.8551459460520714,0.019688599031506923,0.34003608637041915,0.22961177687912052,0.460749271926556,0.2545236465299287,0.10459664331008725,0.9312130710261131,0.5285671490874132,0.1820543733140677,0.07299102682124596,0.2123665310337694,0.897234581793381,0.20360966124030724,0.14635082154857051,0.1292451177242193,0.03295879040045792,0.7880926793467983,0.16763745893149842,0.1791477694960985,0.9142434586953033,0.08814800652127369,0.5623560595554593,0.031109423968037717,0.07867811584277969,0.6195848335964377,0.026969883929488504,0.9207361176871443,4.750085959159532e-14,0.22330990815440813,0.28365984785328274,0.06251325024923615,0.07498533314579964,0.37694734899054405,0.24036304886490512,0.09966538816804225,0.37525046579105925,0.13368901943040307
44,0.09194679086105062,0.40212254815227344,0.05348173232252321,0.044221137489912084,0.6272486895108732,0.14903639360573495,0.1329064573760615,0.9999999999999085,0.9610145137059835,0.004294675501191592,2.6099327292255516e-61,0.008712656961139442,1.6846165803463385e-07,0.9975827998859603,0.007058796625948548,1.8609691245728535e-05,0.01716809092482493,0.9999997488275014,0.07598210817065626,0.06289169666165531,0.1261409223088257,0.9694060401829766,0.15919518259149537,0.019515413950800364,0.31950932056989734,0.7692757539073621,0.00010346036716910895,0.23934848434729672,0.0013276329498687761,0.9687593743208609,0.1225228771532656,0.0008734751861979883,0.42432489434157117,0.09897296396817713,0.0013603012447959489,0.2931691309926346,0.11534698515520905,0.3551903433355399,0.7551598359646582,0.10525956758796262,0.0,4.048316546292553e-08,0.01319075480126396,0.9848495884118839,0.0181688982933341,0.005189237163464816,0.042010466419203224,0.9923819917285992,0.1705294788847903,0.003061900026706734,0.00023470496993882435,0.9980359296071193,0.5326234266057028,0.007488637065578821,0.0006580904497280689,8.08059492867195e-05,0.7816901807776188,0.6605802042540415,0.0049087487137511885,0.13511910074368416,0.0005731807714178158,0.00821336468799184,0.9987553734266157,0.00042494927508584336,0.07996851058538959,0.028889399209467787,0.27708148588701953,0.0657434158440503,0.003168609098035164,0.9998309469664384,0.443425461672554,0.02037361671862013,0.0023305675108298437,0.04995254229970813,0.9934856690302724,0.02044540176713091,0.004899461962052005,0.00744899422435137,0.00016358656182874693,0.9475534092715645,0.015604622349549397,0.007173020673912781,0.999059580395463,0.0016653458401020241,0.5738774793085796,9.899695002498714e-08,0.0025169706040745555,0.7279977666157325,1.61307004267539e-05,0.9906578838675776,0.0,0.022031929658310242,0.0969183125593332,0.0016499204355859324,0.0020879644069242117,0.22973271244822385,0.04173986699106758,0.00248225745969981,0.23118610551249574,0.009278721125948498
45,0.28888748883934967,0.523385705711441,0.32122373472174426,0.23506140568141823,0.5948846767684884,0.3735319589125355,0.30573720195032383,0.9654709653971181,0.8558329002587881,0.13717999727612457,0.0026503691638831085,0.09608858879086231,0.016135753618267638,0.9923775196919025,0.11520384534255604,0.027876474290301108,0.15487140304770206,0.9711730975882322,0.3044311077316418,0.26151678423991886,0.31080784330726974,0.8651211464236155,0.4043625620389036,0.16058432012295343,0.508567168672977,0.6860806528534914,0.03934758595426299,0.429791894189611,0.05873321889642856,0.8818000293256144,0.3740037088787801,0.08105601898041,0.5154063265367663,0.2705858883752356,0.034728704181546104,0.4568582282032101,0.35998302672732685,0.45828467454053057,0.6972582823819252,0.3430995555842813,2.2077041652649062e-07,0.005670083054480947,0.1574595000977389,0.8910502438316942,0.23019937752752107,0.09009642003528864,0.21678944093769414,0.9066479249129906,0.4292675899677978,0.10543096315394566,0.03072069545989388,0.9390067557189403,0.615246145483333,0.137563063127511,0.04523506418074794,0.02856333984665244,0.7131089850070511,0.6404883930782763,0.0729486942959849,0.3303183971850925,0.0491526111377556,0.11560906721387369,0.9240331241123999,0.010048174492003657,0.2953846169357761,0.2201068085768316,0.4598263314350429,0.2681768180651033,0.08165122393077398,0.9464784105955508,0.5398235534295233,0.18166024064195782,0.11445994362013977,0.2669432189717027,0.9570776193562704,0.2441236911742487,0.0980434676987639,0.17361622669669732,0.03206313722069806,0.8528221777568905,0.12662875535048632,0.1366748783855544,0.951076795515236,0.087411889910307,0.6259682461742038,0.016797585953736788,0.0890371586809039,0.704611604285019,0.013994467284956314,0.9325504692800586,5.467946002685183e-15,0.2564367714744652,0.36291456330551847,0.06869754703117492,0.07077595851870191,0.5162402676572245,0.2498163910159864,0.08615171548666513,0.452874402335093,0.15184788163161486
46,0.7663757955465862,0.9633230994981367,0.6134171678219533,0.5913115808655085,0.981880333602238,0.8406233905935443,0.7807967053183507,1.0,0.9987711590798827,0.11572195158306381,4.826403541019685e-13,0.203554418314511,0.0044206686579059415,1.0,0.11275411509345937,0.008740770134289158,0.2814108084709284,0.9999999999999994,0.6436782743691161,0.6542293424594451,0.7803570386678644,0.9999929585714166,0.8738705522533244,0.31414355841258174,0.9585041340601458,0.9935816787308619,0.008611287593962534,0.9051440424104462,0.03499535880041615,0.9996678104957113,0.82704511230096,0.019099715195537593,0.9442286645934773,0.7780985109251443,0.01615059076435074,0.9353820717567847,0.7890628578472859,0.9477499846526015,0.9779552121664146,0.7673994555380592,0.0,0.0003731763535934901,0.1893699274036891,0.9973202716303188,0.41720169356218273,0.07050209102251123,0.49176894047202396,0.9999613868483773,0.8823520123629979,0.05104741286749609,0.0005248476109575194,1.0,0.9756454504661316,0.2134881940813886,0.008266257032875816,0.011839891546119571,0.9894121278921194,0.9872437903318897,0.08129626891136722,0.7964520254360619,0.010041686730377053,0.1748488068442995,0.9999869004677197,9.95589826506366e-06,0.688123744504512,0.4153164846694171,0.9491712458720749,0.6578542426548043,0.08759892725781614,0.9999999935225005,0.9500205711776522,0.35956410940538897,0.11610145972304975,0.6225363932255353,1.0,0.4910714012956138,0.18116522830739654,0.19257644009587435,0.01414924336565172,0.9941725149223847,0.2759066378752386,0.1616991025348649,0.9999993731978869,0.03861020205701801,0.966135680222031,0.001078174041737183,0.07396835618573636,0.99243643797307,0.002018269541305172,0.9999997777480684,0.0,0.39109709103400775,0.7935147076455641,0.019257147590800737,0.0282855171347575,0.9159923129407896,0.5773965369500441,0.07885265635332214,0.9109106884595422,0.17357956456306667
47,0.5753063839177723,0.9095612349785794,0.42671929244583934,0.32129412772144433,0.9607080168815364,0.7647170412094187,0.6423835909367982,0.9999669109825499,0.9931178856193797,0.06278119968410961,9.824616609379669e-44,0.11756022424017099,0.0008653519516776513,1.0,0.04826381211323327,0.0024644579818180403,0.16207984113724155,1.0,0.5449373881660059,0.48677400393743986,0.6685322967218553,0.9978293907010518,0.7850944593629297,0.20052457121710954,0.8744717762941336,0.9693308273598922,0.0024471911554283543,0.8070845395854421,0.02392745490083916,0.9969131111416858,0.6641438662163176,0.016609171879548204,0.8875537114498924,0.602604666197391,0.0015703763397175924,0.8473052164718975,0.6866329343818204,0.9005491745533238,0.9805288862335734,0.6409464678204254,0.0,0.003470773412489372,0.10993469282053793,0.9998483586916026,0.2976108604037531,0.03870152220440548,0.3062618304106871,0.9999862251041733,0.7858033595356104,0.04319417638054956,0.0018622335945969071,0.9997786190853607,0.9580676710255653,0.14112273446714066,0.005127530735412664,0.007526568487613958,0.9838819343031573,0.9569172097429898,0.04243100179634974,0.6435248268917038,0.0043126184601364834,0.09351226775322533,0.9999338715051869,5.1607730717890875e-05,0.5222029629659921,0.28505575736482786,0.8413504210500805,0.4992324827997826,0.058413781167995824,0.9998945401825966,0.9191025062365523,0.2160565600180088,0.06355088481098821,0.3833863383359723,0.9998858932275021,0.224622521205058,0.12945641853271317,0.1258084286953314,0.003292282870654606,0.9978795293939484,0.16711734916925963,0.10147111271380335,1.0,0.02505806918712661,0.9655773601612233,0.0004794416077214081,0.0300530375615406,0.9659639524903224,0.0009671979503102775,0.9999299681599164,0.0,0.255717704095191,0.5827558651193695,0.010962225132087507,0.017919851959248615,0.8203797477988687,0.4630937747170475,0.0309015890032564,0.8273429855249497,0.10276681402644437
48,0.27500711887809665,0.35265534093912554,0.3088815826093763,0.28277711170192843,0.41896429833928034,0.339992929226346,0.29463021063739775,0.6208795021373684,0.4857083899311613,0.25440767246856594,0.08462695995042858,0.26166619673615754,0.10293396687622522,0.7038678584218452,0.2102935181861837,0.16745946111011528,0.28788162073356827,0.6177510795457332,0.28308992805651373,0.30368532293173106,0.31201320497626917,0.5320836139103752,0.3180541708686143,0.23971808954274418,0.3495073317852704,0.3721796054295883,0.16395309136751782,0.38168649986607506,0.2029566338758814,0.5258234360824935,0.37572981240240383,0.1681869015404676,0.3962963754770152,0.352552157407118,0.17498604151689412,0.3734433875900073,0.35401722037024264,0.3876828597398181,0.4140268413285215,0.2722277493135573,0.031100032124315762,0.16464873040340777,0.2344851493168875,0.4689340597171915,0.25588484222802327,0.1944043914241049,0.2708603259908454,0.5311045210432502,0.3125462928264359,0.23193979497542794,0.1511099725785808,0.5898885583518427,0.3723283534683144,0.24440714805191152,0.1747449739967411,0.1731185316320738,0.38316556343399705,0.43028098693391514,0.2075209960120191,0.31509774690068937,0.16633892258175698,0.23525389282318418,0.5865281115612833,0.13949985870102732,0.3111033390959017,0.2674763167534209,0.38194290961626287,0.30076606101206615,0.226365330221786,0.6632262234290489,0.45973411107082734,0.23439082267602973,0.22777650076493686,0.27494436602688077,0.6376069892152207,0.23974947753030357,0.23423436948234724,0.25866547789108396,0.20707489687967345,0.5918247335067826,0.2829127144823359,0.26339837275503325,0.6181031711857001,0.22914870623673447,0.4110870677383464,0.12858773576478305,0.20623749621847595,0.3855330223953639,0.1477534063355474,0.6406402615939052,0.03832402483434027,0.24132487226439492,0.3171393120635536,0.17473119585196245,0.1968908201958512,0.34709038221573246,0.3119910973710081,0.22628877384721413,0.3707499102366082,0.27457792099938766
49,0.03805862022131226,0.1370736496248472,0.021850648869758446,0.02259106216467545,0.2657715761225046,0.04801796365237098,0.04375127006160136,0.9878356151357933,0.6254062213999625,0.007365599566525398,1.1497415900627613e-13,0.009843652159947574,0.000684990263295996,0.9870147480987737,0.0072282256275340425,0.00037026669735884456,0.01687296639024759,0.9477099886174905,0.03000727598933862,0.023341037860094137,0.05254865689518334,0.7009706587214545,0.0657330212912559,0.014483594109773805,0.09705443696524807,0.29204079323801596,0.00040412991120897495,0.06943544501260795,0.002320957377808713,0.6139182886715999,0.04718829339203511,0.0012350916917972438,0.16100643182542235,0.035800411975587317,0.0005824850132256746,0.1024032362638177,0.044221884466826046,0.14316349862415756,0.29167699238056544,0.039824511822947384,0.0,4.218078487702186e-05,0.0077762744896179405,0.6044393066379592,0.022093914797099573,0.0028190116726252022,0.020545565700301322,0.809006109162532,0.060030462797475516,0.007144374525392671,7.32987652073365e-05,0.9419623086555766,0.1937351060871659,0.0095242764317772,0.0014729795719252156,0.0007813044931937835,0.313491449096958,0.21334849574215264,0.0023204165521186933,0.04619453895833056,0.000934776094427697,0.006368087654974437,0.8881893606627175,9.506901243705335e-05,0.02783311933511304,0.01625475054582248,0.11505279332913361,0.031975467574912465,0.005244558472776082,0.883786766869679,0.13396415160247663,0.011778273691435623,0.004717456747393827,0.02080499183663782,0.9174707419688234,0.011516555685828373,0.00885134666279769,0.00664823715329236,0.0005887735514104878,0.68783638706023,0.01252658897464473,0.005811362663338031,0.9068511967431473,0.0027426104745480436,0.1771960047147785,3.370523559195846e-05,0.003309342292297094,0.3309899239343446,0.00020463787135337403,0.8908511527329779,0.0,0.015670230627140957,0.047652002452284487,0.0009984168480305965,0.00177228530656802,0.08913741052804422,0.03068839541395253,0.0036219859088284768,0.09065283442668591,0.004558166396385509
50,0.9872275853643893,0.9939845006937723,0.974725043803801,0.9825528674336722,0.9974124124975572,0.9909756244150572,0.9903099725502739,0.9999999294170504,0.9998740999554778,0.9094648858969595,0.0057265004996556925,0.9313713460296462,0.480120354476527,0.9999737963970662,0.8852654671882446,0.5576225291997765,0.9611667643903694,0.9999994720142495,0.9870997407840036,0.9786360877033341,0.989449418349272,0.9999369213798617,0.9912824546284997,0.9643270490419265,0.9953861478328954,0.9981479237962141,0.516750225245312,0.9932741475705172,0.8124231298113226,0.9990680620138397,0.9858219350901695,0.7371616530598056,0.9954187452423886,0.9885011850552575,0.5405031062371409,0.9949906658130154,0.9909682349659029,0.9951691352132694,0.9981745334820841,0.9882086877551436,9.383651690719658e-15,0.2064561956532194,0.9203268074315489,0.9998409004516194,0.9679244908912381,0.8442249929710698,0.9769883743003206,0.9999123196808674,0.9941538378019449,0.8645179561329688,0.4041892802265688,0.9999999962447723,0.9978167670635189,0.9489296025495888,0.626605803470255,0.6320020843892223,0.9974963470634374,0.9985460247912522,0.8731480100501301,0.9859003189633367,0.5714698473995822,0.9184640237284192,0.9993651627630818,0.2945777980159025,0.9836844614967473,0.9691099477697119,0.9933615767552858,0.9855313511891672,0.8752453628006849,0.9998870880890991,0.9962521578404924,0.9657489850682666,0.9064147070088511,0.9809601977137775,0.999968539129614,0.9665770953723123,0.9344244979661812,0.9379152410265823,0.5374958012495024,0.999796194569283,0.9351668666245365,0.930328857586093,0.9999812577102309,0.8167855673799822,0.997127564745565,0.29124631028191605,0.8791943040917934,0.9990300808427297,0.44504063779791025,0.9998702652213063,1.8669498599320834e-05,0.9682895510725551,0.9862765596624031,0.7613833091107316,0.7635423192859753,0.9946887234357306,0.9786101444545149,0.8453501831394696,0.9925982201500164,0.9372554177147642
51,0.43518747393236884,0.6929935479132321,0.32858614587564816,0.27548120471828996,0.777402458290438,0.517897451313548,0.46853298807094107,0.9903973134612033,0.945454935141075,0.11347358868634716,0.00015121134671271596,0.1695045940441376,0.02783862021403499,0.998833088610209,0.11395673615863246,0.03425715522998009,0.18324241138761405,0.9953180350806854,0.3594661959327612,0.32632957557335046,0.4632211578206267,0.9568930553707553,0.555984136347861,0.24675760172144595,0.6374435054610464,0.8246912631915443,0.04037974348960772,0.5617042912980813,0.057754645168474006,0.94026706777148,0.46582567757589677,0.06154111422436629,0.6928780172165895,0.4063783167887253,0.02014006831811068,0.6057104165800096,0.4872932798512938,0.6165755128825412,0.8389989070665266,0.49281737044502494,6.549486937928329e-37,0.01299436436169889,0.15723405297691037,0.9511824349101464,0.310067656937178,0.08374131677898125,0.2724244159302879,0.9814499954053734,0.44966388414979613,0.08519613124836649,0.018685251755166613,0.987864157861148,0.728400108608193,0.21941089815363024,0.02672918974084293,0.03404128017320004,0.827497546967048,0.8199952848174559,0.08081933291094254,0.43505052566520847,0.034678340983084026,0.13987650986343214,0.9717482078399903,0.013339774473648338,0.42646493435299787,0.29641815739430927,0.636981844811123,0.35279995994366375,0.10049338986824113,0.9875330445591005,0.7114955051872265,0.2177391297709782,0.11122651286616916,0.36788747931676047,0.9693005391948097,0.24669740501948073,0.18146558235101704,0.16466653886825258,0.016165464237686458,0.9556670433890119,0.20962899813692523,0.13555786576110632,0.990539565621201,0.059340765447946045,0.7676629323381805,0.006316990284438705,0.10225736433317287,0.8309123091838012,0.020275348470425426,0.9854705290184558,2.728877093339908e-61,0.2534938227375856,0.4666228787526198,0.03116636553448793,0.04319648554888715,0.5851110087313836,0.3836668850536536,0.08572353743644269,0.598367110211805,0.16150423671837902
52,0.994971431023784,0.9985969321753045,0.9886829357855621,0.9864178748725272,0.9996994351837573,0.9975067967037329,0.9976427517642008,1.0,0.9999999984836248,0.8538289189461872,0.0011434975381706674,0.9317117773491534,0.04811714157952963,1.0,0.8179517226144394,0.1683924082888396,0.939930353151905,1.0,0.9933049572174403,0.9921009704966643,0.9942537769488254,1.0,0.9958766892365973,0.9683991137442902,0.9993464406609407,0.9999010874635634,0.18646411356250855,0.9978053731256744,0.6017890833138453,0.9999997033247222,0.9962697198659753,0.3796553259818527,0.9996205331939316,0.9948209304289741,0.15133102183722474,0.9985288697924429,0.9965525394018926,0.9991731253640865,0.9998273490999263,0.9954769729015076,0.0,0.011740167740357889,0.894496087697422,1.0,0.9801161276112356,0.7485067071826979,0.9788450812988185,1.0,0.9985642624651841,0.7348930893033747,0.08314551714241748,1.0,0.9998586907632188,0.952219499765262,0.2049769987055708,0.2543113841693533,0.9997939586797332,0.9997979329277764,0.7287024314713991,0.9964292820716861,0.24542092727537188,0.8992230930928368,0.9999999999999999,0.01953553467982458,0.9944322454140976,0.9795033902802439,0.9988026179440606,0.9911044067895896,0.7733675581814535,1.0,0.9992465705301441,0.9632517960646527,0.8259320192963807,0.9925234468800126,0.9999999999854365,0.9738360898988079,0.9122070168117499,0.9049173178274573,0.09389433288588668,0.9999796003399293,0.946918141107894,0.9030014494118821,1.0,0.5823193677117487,0.9997289219136075,0.017424059312089887,0.7711653586864378,0.9999838098846293,0.07173024028834117,1.0,0.0,0.9618109962422339,0.9955945168605421,0.4161252231866767,0.5045511666415678,0.9989277885945788,0.9898717619969536,0.6666052483401663,0.9979297058661344,0.9129499308141036
53,0.44854378452630317,0.44808291588846716,0.5262475055450815,0.5089243668324082,0.43894566978327487,0.4972332912467676,0.48327158061742026,0.3071424973676602,0.3885249601796568,0.5315850475174292,0.6593127731568889,0.5136963196915055,0.5942861899555183,0.3005633269017489,0.5079213323671966,0.6151175480877784,0.5351850567235061,0.28175989625227754,0.4888439091697444,0.44959578152880025,0.5109105437871928,0.3512586630050405,0.4512453307618067,0.5123849663352854,0.467401997215486,0.47043895585302514,0.5720430677090512,0.47924052228663977,0.5667219146256312,0.3752919209774028,0.4921258775217738,0.5387149394401917,0.44393768247920135,0.48047149712292636,0.5663134639293224,0.44601625939317857,0.4811077814539366,0.453111469853281,0.4161880595141122,0.48852254127396355,0.76530826961005,0.6880714588211576,0.49869157185426466,0.3992702672838584,0.5657588452295979,0.5580243478213243,0.5547658065695225,0.33538961504692977,0.41277417669278693,0.5365937734381085,0.6722455457051592,0.34623846269874753,0.4249758191983218,0.5250191423521268,0.5312478592763764,0.5680061741322777,0.39771924013684157,0.46105036943448036,0.5557345802997846,0.5111016583797034,0.6075771088919778,0.5714135776880009,0.3203702990309521,0.6220034493578791,0.5021279092081261,0.5244325778530455,0.4772963197511039,0.5100273918482597,0.5474515752950118,0.31702058516774395,0.4502354136973916,0.5314865164699052,0.5418355641759363,0.469005393492554,0.3577222877006818,0.5153248077381507,0.5026210758040076,0.5263971074286303,0.591999716569452,0.41451542885323067,0.4628043349869987,0.4816729666970378,0.3825764428351463,0.5295263484021492,0.4207357772014712,0.5914535588464013,0.5824863562541389,0.4129472306070434,0.594398212004807,0.34863895102052894,0.7630471878174703,0.48912723957033877,0.4472409956860461,0.5867058347513026,0.5239270097087309,0.41575992692271946,0.48382812748277465,0.537627678233632,0.5433662283994642,0.5628600998450964
54,0.08823543499335869,0.048121566486253375,0.1535665824178519,0.12044578263619203,0.037208665859142724,0.07600501275087321,0.08698390556363274,0.0018958807450427078,0.015032369027970567,0.2890577037372747,0.8580506765802646,0.2009043111083046,0.5331061480727244,0.001835694167951678,0.23978637738922287,0.5139231177925851,0.13107462715632623,0.004499202546497659,0.11438145362202165,0.11287606568367435,0.07333044267714606,0.010110830273134213,0.049260086841340395,0.14450928381448663,0.06050888012519344,0.027763390158325074,0.47034773225616716,0.06305922753562176,0.37882599161603003,0.014771319660610828,0.09280177816886331,0.37963406984788056,0.04263399137727139,0.08271731782526243,0.4864992382055091,0.06564291818518957,0.08784188186695857,0.0502802425069504,0.03755666807635902,0.10042769794010006,0.9847814140183577,0.7003926330452128,0.22095820099817015,0.011880296750352941,0.14248264753962656,0.27319175538410556,0.17170054758963593,0.007303188481270764,0.061887229825982465,0.2826578063536252,0.6432005085397421,0.0032228256195499442,0.050855079356326174,0.221329500277082,0.4399251233362291,0.4879464977255361,0.03864805431278771,0.02499396123689864,0.2601745306884847,0.07160926852592042,0.4282427682572483,0.20552364475913812,0.008999366673415282,0.6414302070273531,0.10656415418250603,0.15877796757597026,0.048229589102995025,0.11076083174887794,0.26831838066566,0.005273746565265652,0.05849853812908808,0.21091772968289493,0.23088035305799803,0.11232554274262324,0.0068994219425234996,0.14833128754802172,0.25518249141195537,0.19181258610186355,0.5000401188367202,0.006963150445574511,0.19263281470411425,0.20394572836015656,0.004079744711502222,0.33626324759684934,0.04197292155274418,0.6548094682653738,0.2735893514408109,0.030767879147852725,0.5291459759848949,0.007211474726905711,0.9930609542807436,0.1283470503387805,0.09059911660980938,0.38051418098978645,0.3610125738857549,0.08305784709723243,0.14968813278012422,0.32867154925142644,0.07172398035218686,0.15654122431686388
55,0.5456887383200829,0.5437171242151149,0.5033495026358606,0.5064893322363136,0.585821035289324,0.5282227235696879,0.5776314533367739,0.598849071038656,0.5506759910348632,0.45588972462949184,0.4137089196321256,0.5003774471662851,0.4559866726028692,0.6447220440533782,0.4641744843811621,0.46548548558373526,0.5656189649158307,0.5748641722717344,0.5131324206745761,0.5568219358117296,0.5657839477322483,0.5573394149805789,0.49905724894400366,0.5431602776443183,0.526778081348365,0.5921679630426937,0.500295183557557,0.559194387944116,0.48320529045347577,0.5745518988301018,0.4937084080896199,0.5025221008171868,0.48814473757692406,0.4616291821516371,0.5017725984210192,0.5295460737080342,0.5354283802113265,0.5947281834040615,0.523631498663607,0.5185987618808805,0.4204941946861204,0.505843799666085,0.54198021054416,0.5291300425523215,0.5132047417715025,0.4541230760331063,0.5464976166593316,0.53393520073248,0.5261187407537505,0.5293458266084989,0.46718414903526956,0.6229453084012039,0.5651219773510432,0.49038632762651985,0.44997460799796407,0.4624072117646255,0.5315391114817242,0.5336608072800153,0.46879012141118737,0.5212766831725459,0.5016786067965502,0.5444577650991913,0.5823353362550534,0.47847142370202084,0.5483558946550621,0.5355672661329147,0.4944850651274965,0.5861459637559572,0.5408803285453977,0.59565349717101,0.5405228096735034,0.5123592619551006,0.5147330426546619,0.48330861475694625,0.5970406606941783,0.5221782273145531,0.5481828011788451,0.49294463131765326,0.48928003545736376,0.6039388599484757,0.4915153639538308,0.48145605136690556,0.6536274213550054,0.48510796074930235,0.543628890755976,0.4089963254585994,0.5051423654788857,0.553357869877854,0.4796446142267237,0.5689719902389072,0.35715216503635355,0.5231815654867754,0.563066546526403,0.5056814774376829,0.5922205191702646,0.4963093536198885,0.5882936858896609,0.48756029079297436,0.4908750141041546,0.505987462519355
56,0.299839110037001,0.40735565819699493,0.2893759407962415,0.2937984179133826,0.38197626660946105,0.3461769175903636,0.2965070967000166,0.7272441602507039,0.5232119402891265,0.201535707062995,0.054386586992378,0.22498671464721512,0.10632077437533562,0.645470155224417,0.22238741129625272,0.13594660513727325,0.22453961791934834,0.682350889454379,0.3108332716813319,0.24390697391456043,0.3128724209241796,0.5174000934700782,0.32854138462635746,0.21758625297495462,0.3551643828450384,0.39654600472306983,0.13665169326168491,0.31533089084146504,0.16093147046846712,0.4847873171447435,0.3200132266795875,0.19568560804962662,0.3888100588929407,0.2996969649805561,0.17059390820827233,0.36341658414667494,0.31898352863014595,0.3530127183986886,0.4398593676075751,0.27292468673298936,0.02033444313352092,0.13006129117354587,0.198261163466402,0.5195630784919846,0.2724802797253117,0.16998433503155788,0.25813138750699927,0.6102017112821758,0.34187650291050814,0.15680375745918465,0.12115226832456244,0.6294124200357688,0.3898690252825386,0.24114091877505664,0.1591513181146885,0.14234885493785898,0.4113756168397651,0.4145964981253449,0.2360007011691003,0.3321908895672829,0.137523725305797,0.22988642319985866,0.6167857883497467,0.09989133217614672,0.2729151305238917,0.23792485854739762,0.3174515664995807,0.2749309449394702,0.22616064107374484,0.6381327567091103,0.3946861228494992,0.2632154536112428,0.2060532501240659,0.2844629002990982,0.6110626984512879,0.23776413901532256,0.23703299278285928,0.2576079964952014,0.13602839338559472,0.515265226172534,0.24816969527632135,0.21029729804190048,0.6390066069504475,0.14550312654270534,0.3916357573289519,0.11488128564190246,0.21548429565833038,0.4097107018895273,0.10682763657865761,0.6287274346142226,0.020933201606741586,0.23660694652456404,0.294983507469437,0.16815125582738064,0.1726937786411401,0.29337926417893456,0.29382709090860365,0.18521301567973694,0.33907506578578916,0.22633571306816636
57,0.7464579909594459,0.8879121677991122,0.6845384979725039,0.6371473632576952,0.9214619485174209,0.8341706022118923,0.7479238034369895,0.9996763514067442,0.9873101800304039,0.3790648866987078,0.0015828192007907693,0.44735646933367335,0.05514079622427323,0.9999993346533829,0.29578008937081196,0.06778102377805693,0.49506459656603974,0.9966055698877446,0.6763588792099978,0.7101224043582178,0.7768226914779938,0.9915509479620216,0.8090592157552001,0.48844453027964824,0.8979363381341281,0.9517736873782929,0.08771496378338765,0.8478296913001241,0.16263140043309288,0.9828978373872705,0.7636331702433807,0.12283129256452975,0.9012629316251336,0.7680853827744084,0.0927210954897365,0.8919468673198557,0.7895070436027533,0.8670793593305866,0.9570406430158097,0.7593428224089008,0.0009876077855232258,0.016082412902110047,0.334986931899163,0.9914839336549431,0.5575001386345535,0.2959161027300629,0.606726656075706,0.9962057629620557,0.8062893207241314,0.28201066712480755,0.047879296056497093,0.9997674024692834,0.9123194808759111,0.4421642582505742,0.09809633818094785,0.1325912083506353,0.959095889157001,0.9520467430765431,0.24059325170602425,0.7448952796274179,0.07029801003190864,0.34916410696138933,0.9979756595915839,0.0276006962937423,0.6778994073979416,0.5721414067345942,0.8266789716134371,0.7370686204349695,0.27387602969490776,0.9917826651375354,0.9038633242308174,0.5595825734320247,0.30497971088227394,0.6436063377433433,0.996966956375063,0.5365523571923209,0.35079645085999905,0.3967663653188241,0.08731279051060793,0.9906649622092942,0.4553404449807323,0.37832116904562574,0.9968669664995784,0.17277183028509974,0.9162313872137928,0.03810433474600424,0.26219387074832157,0.9569681620269455,0.07758861239941646,0.9993437274953029,1.7768709764674213e-68,0.5638632911499059,0.7770845584652847,0.14670229354359787,0.20595190176918884,0.8549207274274963,0.6475037254083855,0.22732684706091255,0.8468512615891275,0.4199441244668176
58,0.4363383121831634,0.4780026414645138,0.4765983879083654,0.46570266059918103,0.5403001944941999,0.4923140735773675,0.47757733014843323,0.6940948302574769,0.5745852385755138,0.4402908378971853,0.25176496032875134,0.4165678592046593,0.30377812949673755,0.6496728048626609,0.390205249118548,0.3334919192424055,0.39307166934286014,0.6380848603955855,0.4322083526297524,0.44472891903966305,0.4899398077937085,0.630052693585482,0.5046826168865938,0.42919939212648656,0.5065434259454965,0.5587044827283822,0.3224635558800145,0.4982160791722746,0.4395325584339402,0.5677173252458253,0.4540820878642728,0.34018699060057683,0.4882262136303071,0.4971326783306909,0.31782894398538586,0.4697804279724683,0.47937191077784974,0.49631894996555204,0.525862561556615,0.45687434059495774,0.18097355560036846,0.30513780027613036,0.43902638143744566,0.6002587889886544,0.47117869618848973,0.3841288343666389,0.4337683664676305,0.5978879865404483,0.45284852869152226,0.42957830111936823,0.3388083689963545,0.6743067290558871,0.48183467788457285,0.4670671869264887,0.38018949656524115,0.31595929734013445,0.5097711784474412,0.5314609965110825,0.3644298399999937,0.5186701667989488,0.3646253354109705,0.39880647412545384,0.6908617425467187,0.3417765747233971,0.48682237798298833,0.45083156449003736,0.5295744198686121,0.40917302104487063,0.39507557903876267,0.600215141362504,0.49698085317232127,0.4328018613940446,0.4308398705264558,0.4504759505230902,0.6778636809785107,0.4269858678716594,0.41418593359499,0.4077702833627606,0.3584051263388672,0.5117631350993525,0.42872429295836434,0.44541124317595054,0.648219428827439,0.38018185705637,0.5162424944812064,0.29469465112026083,0.3320098917360547,0.4999459647051205,0.3024027459684586,0.6667080571080528,0.16943057432479403,0.4159099897089256,0.48021430828561606,0.3100214761979914,0.4007502150282771,0.47832923197144955,0.472812045775651,0.37641514378099006,0.48748376542341115,0.40904926965787575
59,0.14337416862900654,0.452010853824105,0.08815421531319272,0.08557559631063925,0.6651901679080914,0.2089779732771258,0.19457085247540307,0.9999045859853163,0.9618879350317833,0.01089216883687826,3.279122535930596e-26,0.032542001889165374,0.0009693763563398712,0.9999952541846691,0.015759770879919508,0.00229454066663961,0.036114004386197766,0.9999855961746775,0.13177623334962077,0.13925982864066788,0.2016643639809224,0.9590898815533785,0.24629815339886718,0.04017220838392618,0.42267779116847093,0.7572739109286772,0.0017635766104076886,0.3152509278922555,0.006918945367539242,0.9545399386912972,0.21956321294959671,0.002597071608070593,0.5454083784068655,0.1635299326641284,0.002483101856472501,0.4043368620327216,0.20510569547910923,0.43295506070182577,0.7926253945396634,0.21448055051546447,0.0,3.4501358099097515e-05,0.02746471602809226,0.9552937938367956,0.07135221324687403,0.013230830685297665,0.09007762768153053,0.9878726179722674,0.3432794754190245,0.019866725538638767,0.0003451165994082477,0.9920511130579989,0.6661587613826601,0.035004237686322055,0.005761879037829823,0.0025815913736187707,0.7487528206158288,0.6866157131375963,0.008889103108473191,0.18911431899588055,0.0017237960379612417,0.021197661395191525,0.9952559289774944,0.0005671108050693039,0.12904378399937738,0.07108135976987714,0.34622190374875106,0.15373279496177508,0.015793018944798322,0.9935692031318116,0.5168779099678518,0.06893041581628821,0.016771302745511283,0.08139521797856833,0.9941986114238097,0.07071448027029817,0.028195171885929037,0.024124210989692592,0.0013732429360670641,0.9277822026844399,0.05255893168988009,0.030795912624095863,0.9955219582373084,0.009274543665146028,0.6146407383661063,0.0002582353427625723,0.008685766964708757,0.7656135998514686,0.0014116144285016576,0.9942467364797862,0.0,0.05877787111787951,0.15102928635462382,0.005171153876120974,0.0063866586726192155,0.3923872235307913,0.09587833289160524,0.013045325717775544,0.33315750841158825,0.02266426346113106
60,0.9303885695683338,0.9650513567669955,0.910210951276903,0.8898273468161392,0.9828790540829389,0.9351694389832308,0.9321916953580183,0.9980937950996165,0.9917460091082844,0.7534133122412198,0.10623283532511633,0.8375340470983608,0.4332121777753512,0.9999637592289793,0.7883166562566879,0.4628213991189672,0.8613575067048083,0.9996414879765464,0.9182585099937461,0.9224495499746393,0.9241787931662934,0.9940654856367742,0.964559511247743,0.8391426001790095,0.9517820295546531,0.9718140205677942,0.4996517818453825,0.9578826715707107,0.6730828247293009,0.994805676886154,0.9362970705490992,0.6136236891244893,0.968387446695513,0.9229989225981521,0.5096619118660249,0.9634931762710498,0.9350830431500288,0.9678888974886429,0.9735441192463873,0.9162196099440644,0.01007526391168602,0.2690506575714601,0.7857959349264619,0.9890246716099247,0.8981890652405989,0.7421895818313771,0.8696657059272599,0.9953266409832382,0.9563164592559846,0.713795420526105,0.4196900887198568,0.998602919379081,0.9754026782777495,0.8394220516339739,0.5033306722097184,0.5718214614079461,0.9821548103816922,0.977902859714812,0.7486032426195416,0.9393153118575874,0.493187570616632,0.8070204134357515,0.9974715360373685,0.32257603443239147,0.9215396536599026,0.8853071691910676,0.931434055045239,0.9059768181750677,0.7414085153095907,0.9984402993313151,0.962790388772359,0.8702942921858249,0.7707055021305085,0.884338026774369,0.9966547068496804,0.8746356641273533,0.809642579772264,0.8174254923300126,0.4568653160643121,0.9930950525865954,0.8577382251315541,0.7818358099017024,0.9983717930515416,0.6388006829390293,0.9697150266617072,0.2998432876968342,0.740589508633909,0.9799097033735856,0.4046577794808827,0.9993454531438285,0.01751917165229339,0.8579658135984799,0.9163459874071772,0.6077678898323624,0.6702934327258293,0.9603460761071497,0.8906401500795258,0.715748504569495,0.9582345430674334,0.810692242590739
61,0.4206568431245719,0.46348483567655047,0.37526702866902845,0.3708156002402284,0.5758408958440432,0.4097341362932167,0.4603393695430909,0.7352494952558655,0.5922109325599194,0.3455160215754661,0.14584400965360975,0.30329306862917643,0.20090045704422466,0.7815551406334805,0.31995079784665476,0.23019763694959422,0.3399591832855549,0.7225267067566137,0.4236836224982779,0.36321930971541255,0.42509446718513993,0.6285499692470822,0.465007253716756,0.34276855812622614,0.44097828813035067,0.5577996359677908,0.2921585354751761,0.41568073353908763,0.26410279673540565,0.5994941078287276,0.4547750392520618,0.27012988469284815,0.47515341049952764,0.4570296018087084,0.2200480559003222,0.4745972641784229,0.4233809931797182,0.46515343258506775,0.5360963825630134,0.4415161891629347,0.09496563082328276,0.20027685879424403,0.3661073513707306,0.6527563122031927,0.29942656998299017,0.34756067151506115,0.3444299045006077,0.6318280179841611,0.47534404890744697,0.2906149020822537,0.2095391430556809,0.7027699389141031,0.504141902940299,0.2967183781170838,0.2642613753761162,0.27960332786207354,0.5169589576031349,0.5086561021366081,0.2984397416295886,0.3681451235482459,0.29278880663286616,0.3392897194819538,0.6036921474761364,0.23905244251230484,0.4110219494591545,0.3622291581446086,0.4445014679948906,0.3794493431229574,0.3642702447165944,0.7166765352511707,0.5029672797149459,0.39924609624962515,0.28970532132198434,0.3725218977975922,0.7220474440222123,0.34788922669539746,0.37899735625091374,0.3438474742433615,0.25181713412765727,0.5741110226811229,0.33944254542198293,0.31701236073663325,0.6660239861415472,0.3113565087683328,0.4547162957245254,0.18986700432191853,0.27318545722914966,0.5360233088869732,0.23129573906006776,0.702245414168719,0.0752846680110187,0.36946246107565495,0.43572872151580105,0.27659146720674477,0.26249482868886526,0.4684841264125078,0.36252708082467305,0.28571390855086276,0.40920022565623676,0.37046787219590094
62,0.7898911579881377,0.8905984137564414,0.7581534388697301,0.723477797568084,0.9272978766642886,0.8487590308021612,0.8146005160016939,0.9974505186013193,0.9569852261641769,0.5806174346060863,0.0853658582897638,0.6160847126120464,0.25699994436321005,0.9981072174002706,0.5476368540785568,0.2902909155939765,0.6482748841425119,0.9931449675047636,0.7565909351351894,0.7766241482185088,0.830837721320722,0.9666846158585812,0.8313288355926025,0.7083713504666873,0.8677099907174474,0.9166305760559481,0.32687488323048003,0.8412837660324015,0.528311470479008,0.9619155663719,0.798050654183169,0.43317702497607125,0.9061467296634818,0.7916726526763068,0.28431489266926757,0.8273845368357978,0.8257133266701259,0.8706122528881782,0.9270768292780451,0.7992119527804337,0.007433081832174537,0.17857276777808517,0.6844901149398229,0.9577581504522306,0.7124224284419021,0.5635796212857163,0.754227586419452,0.9819639686488633,0.8576008710084867,0.5260072391293212,0.2675614168836619,0.9909711156347764,0.9292012643347823,0.6976912869070868,0.3617540466937508,0.3515173984972644,0.9103659935897734,0.9314711755035884,0.5323204077719819,0.8242080105399845,0.32655368318774686,0.6115804242124812,0.9775719011965931,0.19010247632177815,0.8051912289966755,0.7300414725912256,0.8533246242556474,0.7657894529085759,0.5919601949139117,0.9828594448296044,0.8869725749973424,0.7053712799284466,0.5974154571397414,0.7581461334984197,0.9808670509614648,0.6954688408534672,0.6196545266422632,0.6309551952721619,0.29533720173640077,0.9856018522099558,0.6820537901519026,0.6284158666990431,0.974658184192416,0.45090591190870843,0.9094908811916325,0.19130563301880993,0.5156008373637736,0.9198463593193411,0.29267898552764016,0.9897265460434573,0.0021867060697538902,0.7097500255728093,0.8053847328672198,0.4288226563595401,0.48187715370504053,0.8827519517104944,0.7360915237417086,0.5271906398292896,0.8688964220993439,0.6232717353379472
63,0.39032689507391966,0.5017468694822965,0.3535276811216317,0.32410845738999167,0.6057507941371685,0.4892649223805266,0.4026132496085971,0.957461131915755,0.818279454023214,0.22844671682307782,0.030571577946481365,0.24617693116318076,0.10650281750889407,0.9148705467321525,0.18158559561664173,0.11783662511165716,0.26658113036881476,0.9058635640804573,0.327929166698945,0.38688701112258145,0.458132670192104,0.7422297566898389,0.47358906002219486,0.25118122556522166,0.5813379729779268,0.6165326886013124,0.10357355260397666,0.5060511383229505,0.15151517307943133,0.7931913724101294,0.3804937603490186,0.1600205835965853,0.5512036793803233,0.3878923319239649,0.11694011894287573,0.5049633886226351,0.39589934080451955,0.4899882902477471,0.6389976432173223,0.4256556273231427,8.393361129042752e-05,0.07940262737585162,0.21595906669830892,0.8017126455913313,0.2927472795581202,0.17720192541735255,0.3070138138522849,0.8656836453110373,0.46120842381857663,0.17512882870458707,0.083573112818818,0.9100697744776092,0.5339203580317503,0.274635245860789,0.11813609939209414,0.12024264126683024,0.6523213374467839,0.5917316751956058,0.1932295099224364,0.44607558589227836,0.1318039463533648,0.24747150897490922,0.838208667546016,0.06025079223516622,0.37401783540473477,0.33441643665515014,0.49015920860580947,0.37287417190082345,0.17294159188121874,0.8861346173587461,0.5893426406745979,0.29650621325204896,0.20455498004504377,0.35527978983184416,0.8994455044193451,0.3024199292494648,0.25492757790069187,0.23969448558754536,0.09130401481173196,0.7582025638686157,0.26112643763400006,0.2279834075792126,0.8924710581909028,0.1600188578692012,0.5910043138718859,0.07398249442760525,0.16990083830892433,0.6326010089862775,0.08086957314757798,0.8464651957453517,0.005916032547591646,0.31194893739080976,0.43100757737518364,0.13594658813421162,0.14897371024931025,0.4889122835597894,0.3507360402841585,0.19847036245124167,0.5151963469739378,0.27109829816376274
64,0.2311158750463822,0.32180172334651885,0.17952716187361017,0.20682577068752295,0.3778641580439611,0.2152048074515907,0.19026789609441724,0.691412476800541,0.49324727010119285,0.09219456639204299,0.024496418398708884,0.14365480939574968,0.051733240309202524,0.74073066542794,0.12586568471361517,0.06658914957858206,0.15733795315515364,0.6448469925456786,0.20393913451722842,0.177309034163914,0.1827111856819552,0.5155360656318478,0.2332689456880978,0.1782818359737555,0.2941986567940036,0.37057530482006557,0.0624081369604364,0.28701599141184064,0.07908852030597469,0.46356111015754725,0.24564116725415863,0.09169149197852335,0.33447462402438577,0.2211888919327582,0.046982195057753785,0.3058811864728909,0.21047481391958056,0.27726583055303605,0.33802708282005156,0.21561908467830557,0.005113085795973297,0.03988510614546504,0.10596176972338953,0.4502400698321878,0.15946481897566414,0.1260599640367194,0.16152618658009416,0.518383401428786,0.2430513714765836,0.09950215468088587,0.0715608415330267,0.7171714280200804,0.33396628954778385,0.1431930403513078,0.06680810006715181,0.0939577396450237,0.3722403735436346,0.33481246329462416,0.13181771731692307,0.23993421265880246,0.06908213941427545,0.1372462348804266,0.5867831978229242,0.0624979093909544,0.23654034050811948,0.14333653132207638,0.24506239633260296,0.222486332287063,0.11434084681996731,0.593615079512455,0.27876176762810057,0.1528976260445165,0.13891840978429465,0.17503003496519437,0.6251965358002817,0.13226082697321564,0.13271386232954316,0.12987976759909758,0.05794614596819883,0.47597117609177014,0.15150326080999452,0.13010089489158733,0.5940108950932843,0.09580184019169825,0.31526029828112073,0.048981186980588814,0.11113034313417453,0.30550109146601423,0.05687553897456657,0.6202835312109352,0.00153303177914965,0.17019899903564484,0.20602018189329882,0.07045746838495946,0.08827276900626752,0.2599718329826506,0.19078726944016208,0.11919490963658719,0.23802345364918015,0.15426484663250448
65,0.39079687991901346,0.34582869320174986,0.395291066181847,0.41341668513010027,0.2874040025941089,0.3200381706513069,0.3477732188406136,0.1633865890736388,0.25034957839797545,0.4319839987798638,0.6431466491987513,0.40771331615316875,0.48315138067240526,0.1384598534017298,0.4139568104166008,0.5242340310971744,0.34764499463336235,0.1808072079879315,0.365641951353428,0.3471483998311786,0.35605664927674757,0.2298035189259727,0.3357035889427729,0.31792644851671753,0.3293196668693352,0.26579665259692703,0.5046136288741183,0.35000916489900136,0.4597903163947597,0.2287365060384557,0.31707006741770627,0.455362601646106,0.35969616402454285,0.33216583196494553,0.46091982715739227,0.28496592338699867,0.3237116532565241,0.28571466701159304,0.32329906482545373,0.34361822878488624,0.7671337189899309,0.5902241228982876,0.40566891092525137,0.24081689443499169,0.3315470294536758,0.4427348376460581,0.3668026699937428,0.24068886397206424,0.3380702593461493,0.42767498439800006,0.482824476816751,0.18238027568182985,0.2907339149480643,0.4073702759328697,0.606331702955937,0.5014780198179682,0.2420930263228049,0.2822390444752699,0.4180662123942529,0.3555117580009457,0.4984938344550423,0.43852411187112345,0.23761506891527603,0.5368279924883893,0.35283464421718114,0.3835828396895559,0.31651738863444556,0.34350256438157317,0.4634738943072824,0.1970720040429644,0.283345832583134,0.40198343877108206,0.425536294563673,0.38297941028075216,0.19125939381284274,0.39037382308805946,0.38952752516406663,0.32293142354556204,0.46454137795655553,0.24174287996207702,0.39464218365079284,0.4051376850756689,0.17801131286625307,0.41521829804025373,0.27865105821172775,0.5263732061648255,0.4213689307389845,0.29171633549661063,0.5015750507586038,0.20098592821725828,0.7670945495987318,0.37116904176788873,0.3436198118361135,0.4904154719444695,0.4583566841658864,0.3430004439510673,0.4418790931668022,0.4425259234084401,0.3335512094641476,0.3221651116751346
66,0.29791254132180567,0.7099900777545644,0.15628693538205846,0.1344794559297077,0.906071226758673,0.44008531588181377,0.3445991150875956,0.9999847095928057,0.9920866309088205,0.017867227695606672,7.896415200647732e-128,0.03304062711248311,5.2970255501952206e-05,0.9999996692278887,0.014164230173363377,0.0005256521893972965,0.058420534600001656,0.9972330663589787,0.20209639659854542,0.19403022670862463,0.38644828837023454,0.9977430923295191,0.46164041066535944,0.07804385455028398,0.6332249148566529,0.9167632826278598,0.0013545601845821175,0.5597235881605855,0.0031416578050931197,0.9878048858570473,0.3605026688666962,0.0037454239577306074,0.8050797865519944,0.29341581022175023,0.0024566545602693517,0.5983805082167292,0.35686565417263894,0.6892223575963399,0.8895642762633781,0.34904624866713513,0.0,0.0009390550807973049,0.027544048736106688,0.982263851544823,0.13726475567591578,0.011210291762758427,0.12130965475449501,0.9999322764699898,0.5350119801693376,0.016468727713569872,4.614349325984013e-05,0.9999999922585229,0.85258868204877,0.050997000512067965,0.0018867939203064579,0.0010796192317368673,0.9171479944516938,0.8962740306836418,0.015933802832412046,0.32898107784625075,0.0011062155617901804,0.026679375290735226,0.9998674035548984,5.87018862078351e-06,0.27172658498302593,0.11226573556550173,0.6095844836790011,0.20897610040252024,0.013852225720081374,0.9999998555645461,0.7713924891774966,0.07321860659213905,0.027127657101114783,0.11067985194329025,0.9955546141185927,0.10430044503056561,0.021119054223308703,0.04108744836583636,0.0007100480913226064,0.9879284889918597,0.037474819760661617,0.02700665507439578,0.9991321130944465,0.005045379813565166,0.8560554995501998,3.8602838270666517e-07,0.011979857797323057,0.932425853940249,6.755250199765733e-06,0.9979136896960848,0.0,0.08341260720806551,0.2779325394456989,0.002953947676258912,0.003683468653419813,0.5729729592068442,0.17150685702087476,0.010198294841718848,0.5180030052757616,0.022122142722828433
67,0.13872030093403798,0.2091085344179944,0.1470445772087036,0.1374683499127518,0.2546600572719011,0.1495237673087726,0.16328378598547857,0.5533259006061024,0.3309209224648437,0.08387345971059679,0.030762052640942388,0.12624858957313675,0.051288096159387564,0.5226487794042949,0.10014215667622485,0.054834292706803886,0.1071404227068306,0.5058643121533752,0.14578556029257236,0.15168892857244973,0.15133371000576884,0.3175777986588002,0.17002489401905974,0.11803390461933098,0.17827694881841794,0.27195186500884727,0.06674969395938268,0.1988196115084526,0.06523529768967085,0.305759934292361,0.14814163878235864,0.08216768685703332,0.22419892047062362,0.1496011115165329,0.06597470620959137,0.2196321161619345,0.1905221349220126,0.2057865630633505,0.2758384727207241,0.151666323783052,0.013394065753681175,0.04846478646298648,0.11391791257455759,0.32152983797073065,0.11681340161104378,0.08991284839297183,0.12521749144137434,0.4055931556151721,0.1643970871706336,0.10132031047286182,0.05387107821200587,0.47545381127292785,0.204789111093168,0.12059941936891405,0.08004878573126369,0.0650653288881342,0.24597426688457769,0.2301053363905772,0.09651655833739235,0.20996008815373585,0.052487932899617944,0.11343221954256824,0.3670115839328966,0.045027101378117745,0.17905806622321646,0.13110496133691277,0.18655753187277746,0.16232904445559895,0.09472775833099051,0.408717392216493,0.21259768805096793,0.13161970573854379,0.08926553335258626,0.1341432673292326,0.41679297123388426,0.1698611914969295,0.10415383664287185,0.12464401826920996,0.05418058692933839,0.3251883977272518,0.09753672343179579,0.10817165494515424,0.42212884903073367,0.09649318147960637,0.20903354289018444,0.045295247339068034,0.09498898238583625,0.26952512141752316,0.05620008538629523,0.439058541665727,0.011962123468840543,0.12885708889938619,0.17510464991751967,0.09471619317550573,0.08213725504133024,0.18841540576091348,0.12111640723800983,0.08779681543388801,0.18912902728372305,0.1030825056104401
68,0.988249884281088,0.9954237703971869,0.9820432142813718,0.9768062350895166,0.9972534183838425,0.9905620246801565,0.9888718430960085,0.9999409450342369,0.9996004398419803,0.9512209747040145,0.30235455384732174,0.961941798588068,0.7301846903443533,0.9999623573113503,0.9335427546680044,0.8025898878014108,0.962017331268767,0.9999904400559814,0.9810286158903315,0.9815145617947191,0.9875466319653663,0.9992771333191383,0.9921548768071264,0.9724615260982695,0.9938121539091401,0.9980710060736441,0.8043139036823317,0.9927896557797208,0.9080440599727513,0.9991947025747107,0.9868243066991473,0.8813848878044052,0.9927388906164514,0.9865507334058872,0.8509186652776956,0.99328793819216,0.9906855398634575,0.9940249106137045,0.9972765125568199,0.9867163676110172,0.016130082498494368,0.6122308667585689,0.9584436217914617,0.999452893829214,0.9762228202364882,0.9254083225129235,0.9825149520370465,0.9995196102832793,0.9926072222782889,0.9354642992241089,0.7597625517399691,0.9997051277229452,0.9968426599141549,0.9668571922899366,0.831767465555041,0.8401217532895905,0.9978124961382082,0.9970550994532266,0.9272516536049379,0.9859107068124596,0.8239457867501667,0.9501237920748672,0.9997439622252285,0.6257750366502524,0.986572642838769,0.9746925171907356,0.993234430922085,0.9861238038130358,0.932188553841091,0.9998328182094964,0.9931543987482919,0.9730481251798965,0.9573251794111193,0.9741515792400338,0.9999140682207124,0.9688809448034316,0.9589966518706313,0.9584089548289595,0.808033804007183,0.9990424882421943,0.9723125206024568,0.9454692804463608,0.9999458645204232,0.921153280259505,0.996261851718791,0.6167709129265383,0.9296660828187475,0.9972753724699243,0.7345775370282618,0.9999827828166932,0.00312813320469208,0.9748969121885475,0.9868714696023292,0.8802256426084171,0.9008798353085856,0.9934153390405549,0.9843013942996036,0.9311003944542158,0.9942060733335548,0.9616421258534963
69,0.6087352672127069,0.508944928825145,0.5980893562488684,0.6312281089995136,0.49435194520518616,0.5629996223003918,0.5580061052517294,0.25575722078616986,0.40809264264037504,0.6949078238218069,0.8754054969451416,0.6963750109649609,0.8211644185524576,0.21434261629531004,0.7333294466154665,0.8118014634180174,0.6454614214100043,0.24714249383477246,0.6156328973399084,0.6584748575509392,0.5350045910519295,0.34874710072312626,0.5561330535261063,0.6427750986161379,0.5220524257172005,0.4914866421203612,0.779046816359076,0.5403111737847762,0.7396005501826213,0.3418225691863243,0.5722472023059622,0.7742161540145145,0.5450413410136076,0.5517916961688969,0.7475211084755525,0.5716960192145746,0.5488520028198339,0.46693854291974624,0.4110838429699723,0.5905553886909383,0.9591637954299117,0.8465104441899236,0.6779448886728637,0.34165200404935925,0.6053408363487722,0.7361832849271062,0.6448744297560031,0.31566180757652856,0.5557628056582599,0.6990595568991934,0.80945743907046,0.28703526307430105,0.5051039876244608,0.6471621904715419,0.7788448287666857,0.7703322839618685,0.4767980621600746,0.4925115947503056,0.7326605722536713,0.5975818356508416,0.7622993614702982,0.6850349737776851,0.3301184704908254,0.8144249135214716,0.5941652683158134,0.6413465847897164,0.4615495541450006,0.577186418704683,0.6571670420292129,0.2789498075765846,0.47727033620521114,0.6342739223735693,0.7010023609306769,0.6132525579733642,0.3147475180547388,0.6110346429617762,0.715956931337281,0.6743819496999167,0.7913754405862038,0.4233913031074139,0.6273163260165103,0.7287933202670687,0.3113553381968418,0.698039210383439,0.5117292740735356,0.8527794016934067,0.6993127422714147,0.4886759056219098,0.7951360042280453,0.3150708862043256,0.9549791602514847,0.59245532414196,0.5581348701136618,0.746087360532175,0.6893762827126426,0.5755501546649442,0.5985058346652543,0.688082932498093,0.5419294733807792,0.6619297227708948
70,0.6274056052049518,0.7702298391812812,0.534915541866898,0.5869534704928119,0.7952013225408503,0.6528308558869095,0.6396710413993006,0.9781585386166605,0.8715945424225695,0.38345949629148207,0.06141148133729937,0.482371167846284,0.18704631001922806,0.9812997414014373,0.4415202865880004,0.25914922804310087,0.5109881161655578,0.9546449364852492,0.6700631712590807,0.5972518776052129,0.6703017793936974,0.9035854176845095,0.6677095433475483,0.48418829314988165,0.7541099960094964,0.8099746671792691,0.2719613990191506,0.6728655942852576,0.3260336709513529,0.9159865750246524,0.6807583367905548,0.3017026823340516,0.7558168021737677,0.6467861544346251,0.24615390604038004,0.7877723081677804,0.6911481590559625,0.6805324799908098,0.825972359402551,0.6489029365913727,0.00353922534415686,0.11957765248947912,0.4475572638956678,0.9275817909369631,0.5376480090563415,0.34349318988979194,0.5520355523959446,0.9250060240542585,0.7027586063612381,0.36275193372687753,0.19999082812464142,0.9733775999413649,0.7890495592915576,0.5456464638581623,0.2345664102498966,0.23515275471587874,0.8148188789818767,0.7890703944668594,0.4289618658409923,0.6614553687485565,0.21045915061276094,0.463579894418139,0.9268728356964777,0.16257712020620396,0.5768388034577775,0.5904363132510367,0.7437135048234805,0.5968295801457967,0.3515469075583534,0.9473279434194769,0.8143356424557815,0.49041353400514415,0.3625705244532409,0.5762982255616701,0.9612542517173188,0.4668993523744914,0.4516307096614303,0.45458035185280943,0.20937315648162091,0.8951861173173984,0.4730869916974359,0.4897958385321852,0.957133854471563,0.3231229943290911,0.8049809985318893,0.1739067772243161,0.41542444804086864,0.8515964353291352,0.1913515649174673,0.9653424654834245,0.00015636416102699272,0.5319791331372179,0.6392103374325014,0.3231249955597987,0.3325276760760365,0.7233307767739414,0.5692864275510793,0.3808279144456956,0.6878525606027739,0.4301691444111468
71,0.5346546425324064,0.6748522328924005,0.4407785139295515,0.48613876939994244,0.6780160395808007,0.5333989431998247,0.5193925195775927,0.9325311453213943,0.8062292659467813,0.3208814306101633,0.06842831325639978,0.3884054332810462,0.16946869961493974,0.9223207330463531,0.35375422024818753,0.2342750412277114,0.3435782448693345,0.8992532936013643,0.526456811069879,0.5345164563520849,0.5805458796864861,0.8260616442926961,0.5434224707986658,0.44287262903809965,0.5518837490975025,0.7356298252489409,0.20739267354976193,0.6236503861392978,0.2894017870034115,0.8122622609728195,0.522871416406608,0.28294091818495354,0.6677323671219962,0.49232412174071555,0.24973815363661445,0.5981722780923246,0.571859019076869,0.621366225924692,0.7457044787644073,0.5093312347381233,0.008725491351751408,0.14463727495121678,0.40536050576554394,0.8766456727452304,0.4672353833618461,0.3013983517493815,0.44229000594985174,0.843480984329843,0.6063803239565771,0.2985003266595555,0.12759453556838973,0.9246867354333645,0.7089193600446724,0.4146401643450217,0.24567383048774738,0.21941288058421976,0.7252332548992595,0.7192573121163397,0.3183913831224973,0.5500320785818448,0.1839053506952559,0.38085016955719536,0.9246781037539981,0.1405664563865793,0.48184424359837946,0.4428042382041809,0.590363647390718,0.4557432362813125,0.28276331315047726,0.8993406206968574,0.6360521165596823,0.45135259807282,0.3135852864446235,0.549172491605109,0.8838746948491698,0.48043459088566015,0.30703601177811335,0.36376914347455963,0.20414276761362476,0.838339827951431,0.41728677985435714,0.3382089335618588,0.9271781642579559,0.2918062205101638,0.7089618409497969,0.10868021789015084,0.29653599725777263,0.7129874053780556,0.1277925643301746,0.8940536988338986,0.00565138751660527,0.4702063660426199,0.5378394530905787,0.22764978441250683,0.26601661927755066,0.5459156102463854,0.5531385983068299,0.30117470311376165,0.6279385136096852,0.3931162205739791
72,0.9574627325825614,0.9850567741091812,0.9373491851153842,0.9292314165530903,0.9964187696388835,0.9703546657742996,0.9708719478502756,0.9998686219989588,0.9990878413134626,0.7758073401330712,0.032049698910581674,0.8637761550571126,0.27885620744962636,0.999999973952078,0.8069826179121301,0.3796234171196074,0.8792498436363928,0.999975282141956,0.9583139602573959,0.9462225968149922,0.9701278851361961,0.9984799829688576,0.9813463883683977,0.8838606418341841,0.9875338986477072,0.9938041859894136,0.4356949656572381,0.983280357779616,0.586572909752421,0.9989657905811926,0.9732416035860946,0.5241611304621765,0.989852993919586,0.9672361379515477,0.4103358370664177,0.9804198436181654,0.970783891129591,0.987016078661976,0.9950755783148351,0.9667286799058131,6.176306948605313e-16,0.17615774707342025,0.833574826158016,0.9994312713074145,0.9209145485120923,0.7280523078129303,0.9164867464124226,0.9996939399349388,0.9720344033417452,0.6872728766811474,0.30086996399000415,0.9997543359468537,0.9912368198052982,0.859323863951734,0.467814524902072,0.4591486033124303,0.9950690169950441,0.9923566147162463,0.7599899219285366,0.9680197343416481,0.35022958620013656,0.8439215821283501,0.9999078998693424,0.17325759527806842,0.9552895504469417,0.9328011677992483,0.9782977214226106,0.9500820744237706,0.7768959518776538,0.9999898532346486,0.9903730815670079,0.9120163395390856,0.7825366514874414,0.9354509338405866,0.9987286572658064,0.9212588653630269,0.8173930726204446,0.8386802226917212,0.3601717930383924,0.997981100449715,0.8864923593947321,0.8084552525433231,0.9996235145450489,0.6661928695088064,0.9920587651730338,0.1161719765408864,0.6844035977041838,0.9936070782063922,0.2899523006501983,0.9994130243072575,2.128205636160701e-27,0.91616920409735,0.9676002482403936,0.594659886372466,0.6560673655491861,0.9799910572020519,0.9531366599373732,0.7331591331731576,0.9822832230518432,0.818293518153935
73,0.5814950922794823,0.4782901224070462,0.5317193710095909,0.501047103130243,0.5124273915495344,0.4944001626591175,0.5265922630075591,0.5267467195212415,0.5709636926719223,0.5242485961872777,0.47130052785342663,0.4846260628662118,0.537305400797907,0.5280269642454616,0.504881970808114,0.5190365181636286,0.4865785966533992,0.5159108219872269,0.5034147523387702,0.49753190117907203,0.5640636811274604,0.5254748024152657,0.5555176644524147,0.5217239993038159,0.5255749195450165,0.44585631165402495,0.4864006640597843,0.5144703399367978,0.4872095469683544,0.5053691357962837,0.5178209917019728,0.5163996939439349,0.4870766915383859,0.5303955577417647,0.4357785283255955,0.5172114735268216,0.5097698692301951,0.5011981878346167,0.5217366486642768,0.4948343965454003,0.45735723191627026,0.5131495528941526,0.5322579082184707,0.5521647881089699,0.4888301141511361,0.49355421567600044,0.5055945923754898,0.4587281741374226,0.530934746160986,0.4487488646889237,0.5187691042882836,0.5515844549272028,0.5378235671164261,0.47045818653360755,0.5210314554762776,0.5167572145600589,0.5140320089326291,0.5399228045288311,0.473297066035895,0.4914744318811484,0.48140558889378954,0.5046986229316616,0.47671069232862157,0.5018256826338773,0.4890258890584011,0.4847408277614823,0.5111733498156749,0.461934013685556,0.4912503714947418,0.5402333892605813,0.4890433254778274,0.5217562246387837,0.5376429504938343,0.48656385525874507,0.5203209742459052,0.5088001261397338,0.48479152888263494,0.5282375356852821,0.5409709749297866,0.5190546517296499,0.5171694160590402,0.4311609252310236,0.489996141419436,0.5116864709501994,0.4931201125969753,0.5401710046008897,0.47483988119404247,0.5095418216515701,0.5192232625591711,0.5795563289012715,0.4725645826810447,0.5218030217297975,0.5119360774918597,0.4762139291796388,0.5473667150782888,0.4978841747906961,0.5090733447338621,0.4827484737863587,0.5514554097261307,0.5118179037416324
74,0.5532412706412974,0.5580958881088339,0.4520994509159458,0.48472102873075135,0.5937955900653396,0.5231818838077272,0.5103066550830769,0.6953197170363323,0.6374066374561711,0.4884989774832425,0.27663030638415526,0.5399759471040734,0.40621830456478775,0.7217494484541789,0.44244165527554474,0.3634878209440879,0.5317312466404204,0.7184275206148356,0.49422815108031715,0.46971292488699434,0.5763193818474814,0.6586458010262811,0.5634931499868576,0.4568203768111577,0.5412409681097227,0.5478551043616159,0.43283057295290706,0.5235234773123163,0.44759741720360174,0.5618008268388457,0.5457159020460778,0.42348443465018465,0.5586604495465473,0.5182491372658121,0.3874156374061629,0.5384806973583232,0.6107005080257908,0.5775896301105764,0.6454665693620519,0.5713045702928377,0.2422120488921748,0.35872035601878133,0.4876790786426944,0.6009201398316663,0.512418991020704,0.4741814761296271,0.5340617142150293,0.6698525351700195,0.5461962953467769,0.3953352770419712,0.3599590451763439,0.6875310079434627,0.5899866655083652,0.4362843333894726,0.39738104870103674,0.41410082695810924,0.5890622549689484,0.5790961525146527,0.43322510255782126,0.5555189160789168,0.3693722472160651,0.5259566948104638,0.65937912973407,0.38290167222149124,0.5047397673534166,0.5216637179009248,0.5229487553333918,0.5683723935005657,0.43796143651401165,0.6695417522292401,0.596215371700546,0.4911005841289321,0.46687019089054466,0.5767923648582721,0.7079059497428921,0.48365865572919775,0.451044632821614,0.4282875193639851,0.4294964346438844,0.6258511686397878,0.51960992139827,0.45686137948053224,0.6583842685243685,0.39615137010783413,0.6040343696509662,0.3307665849843899,0.5170474634647576,0.585019960268311,0.3570924975576942,0.6653864124050901,0.2059410865022163,0.5287003112590349,0.5627419202792887,0.4116538991324841,0.4725494858705977,0.5673254427205255,0.5549564244925853,0.4721968449046412,0.5466597873943884,0.44793363830537386
75,0.44583938692135533,0.5374396016996783,0.46725688507653773,0.501501306748975,0.402010250023947,0.49959438922484317,0.5241520242568761,0.3728975990553128,0.3682651597765967,0.49938698784775964,0.566843838543752,0.5057287402350001,0.5392200069200718,0.3656819458485747,0.47565655978821203,0.4906731778837113,0.39172474260214285,0.3940537559859475,0.4423212719151974,0.40264848521807706,0.4679307435082201,0.4142230220636205,0.4606761181778945,0.5045365966194082,0.47122835231064236,0.4263375816066777,0.5149592229813816,0.4864659765528372,0.48281935502221784,0.4417440045829118,0.47840191788694775,0.49122890966596633,0.48028204878465075,0.4634755584779901,0.523914344043924,0.4688602561574149,0.4388705555066514,0.4524976774081077,0.4868351104876256,0.44791571893774146,0.6613781146852644,0.5079673724927859,0.5026620080511829,0.4006247939034529,0.44253107806552805,0.46988036097455216,0.44962541050035193,0.441403398279424,0.3922805425408743,0.48721229886284567,0.5273056932150156,0.42305995852049966,0.4233105170952387,0.48590521741297105,0.5223790625612716,0.5008982950478996,0.43549958078143924,0.4525029367330248,0.46568229581663934,0.4812666145696756,0.555341470104808,0.49737158119370756,0.41338488144186564,0.5461174354123718,0.4711114436627588,0.4075108724219165,0.47760627188131083,0.4991166273660222,0.46120757272098184,0.41657690853065127,0.41625422489280356,0.47232820325892555,0.5345977823840805,0.4964132596075704,0.41522461054477566,0.4455896209086514,0.4980653637483816,0.48559590051051943,0.46084455845922356,0.3527616567620975,0.5054019079478954,0.516718885853034,0.40802170252548087,0.5293794015687149,0.4319923549166201,0.5271731946100892,0.47297574003367976,0.44233652998928796,0.5659188428066815,0.4220082048889192,0.693941611086955,0.46677128678173085,0.4584638438164436,0.5084310780550598,0.5383918123529722,0.47703437779200075,0.49087336219231564,0.5465770877688371,0.492102108574457,0.43968927729952767
76,0.0009793607810168496,0.003058796018359672,0.0005678991921516315,0.00036427326180290593,0.004885807104553476,0.001202950414991766,0.0009834972303009424,0.42759935681700006,0.03367420455462139,0.0001665757598081506,3.24729784191191e-07,0.0001195197434738869,1.3882154532067202e-05,0.46471342438914703,0.00011055737909432495,8.203904484799338e-06,0.00019871051490511624,0.2617533097104007,0.00047136394815556814,0.0005232664848806239,0.0009251259259827386,0.03672422151336174,0.0013780619960763406,0.00017015538080027604,0.00237731074942437,0.008728417246296753,1.646250150192732e-05,0.0015931211708437082,3.8539708009221046e-05,0.028992291739321586,0.0010774104190897631,2.6662789345934898e-05,0.0032026549814701756,0.0007739109414981243,4.823057228343535e-06,0.0016710349522675047,0.001129591508637,0.0023207846459368225,0.007297470918880124,0.0010563648370884374,4.36647917260234e-253,3.560852081716119e-06,0.00017514237764256063,0.02870061983005609,0.0003114112558340958,5.6285094726815524e-05,0.00030901303234928077,0.08794122048733242,0.0013672306191317488,7.749662995524539e-05,4.282584999984207e-06,0.1838482336118998,0.004112605907374538,0.0002016431278708446,1.2657968828972576e-05,2.8504403168351233e-05,0.0070447239567103335,0.00520259130055772,7.351231855188874e-05,0.0009980229476802035,7.707621969742944e-06,0.0001218602561280738,0.09575376011168273,5.415218181542233e-07,0.0005855247038950108,0.0004828506439583828,0.002364965610901522,0.0005548763140303205,8.193105935291839e-05,0.12936231754600983,0.0030065584446065546,0.0003905626024534183,7.243288912042221e-05,0.0005673109747745773,0.15089854888461388,0.00033942897767005425,0.00015898816625863833,0.00022077662619064329,5.316149227273722e-06,0.03560756556375563,0.0002573283675584078,0.00016391810558014135,0.16451274683318903,5.5675662727561554e-05,0.003921601864693436,7.6258533689079934e-06,8.40815815151323e-05,0.007230984706097416,5.598615237727855e-06,0.13645783564242936,0.0,0.000342008288803974,0.0008965940180983318,6.214421030266545e-05,3.908492066221498e-05,0.001927389980080876,0.0006822483321939989,6.0722803102765766e-05,0.0017521954708511693,0.00013828323330622937
77,0.1965871594378518,0.559561959563275,0.16248508269877976,0.15357145741304512,0.7368800649998026,0.30394197490988617,0.2334173693333529,0.9947210293593131,0.9660609489999672,0.024935869319090566,2.772763344991245e-09,0.03528804100944366,0.0008974577733909913,0.999869719709287,0.019328162334052573,0.004823522639544847,0.07330135921411245,0.9994328192998339,0.1356657419887196,0.17128308814089055,0.2778082508617963,0.964274521800505,0.2584960128238556,0.06581510428736917,0.46457203135771835,0.7676087962601373,0.0013827633316650845,0.36434687587949727,0.014543679818914485,0.9602296356457711,0.2184066704072869,0.004575736154288971,0.53297526406134,0.22758181530789068,0.007353811318699974,0.48167395155299886,0.2929018451487742,0.5087495229647518,0.7601404282272535,0.21938320617685172,0.0,1.2132802957273527e-05,0.03620938774074761,0.9377906736526197,0.08371525864859426,0.02469899535872784,0.12798331430031837,0.9864933229464351,0.413753808975014,0.028904867278672062,0.0012657386197553646,0.993150278211686,0.6339429275377023,0.04766876309038373,0.0062741347534357875,0.0031015660792773486,0.713791898932928,0.6603514280847621,0.02000560586380852,0.25606619222617266,0.005579713614946335,0.02080039456014399,0.983547448780257,3.7504560730246056e-06,0.17006910315048832,0.10890735842012864,0.40295900330605505,0.16828120477585642,0.021891583660188948,0.9988012295867931,0.5786556948485543,0.0670305022452413,0.028324376482681525,0.13880064978078008,0.9838182180675976,0.08688003661715635,0.04253092869493398,0.05329553613733994,0.0037126891900607275,0.919677307108633,0.03951797957226871,0.04383992617333002,0.9895750791941071,0.019989897196842518,0.6115874031833988,0.0020586502871275756,0.019515607372586195,0.7815389990732422,0.002531010637465159,0.983218150970801,0.0,0.088391074478737,0.22906567989053545,0.00803619637993278,0.006438714835963014,0.43011868214299875,0.14798223879193625,0.025757116215386948,0.3807926489580416,0.0408781058807278
78,0.5955428396725242,0.663228418747139,0.5492337989836814,0.5747201333285987,0.674345813348436,0.5739063587476866,0.6395151493664111,0.8207855980552532,0.7026598683072498,0.5091245608649693,0.3281683697641104,0.5104352987373867,0.4160126685761854,0.849970443049842,0.4827236230338396,0.45171896903274006,0.5959362152371724,0.8236473918992823,0.5881160228950146,0.5821201794842864,0.5943249154962591,0.7385838260010803,0.6207027045389,0.5260837796792878,0.6008645078620938,0.6552933319672141,0.4187083708604748,0.6005312933585781,0.43183919897380235,0.7336222543236207,0.5747605859015749,0.45989084242556266,0.6523766942759353,0.5694745886011827,0.4101286060701424,0.5762219706597657,0.579042720575693,0.6476350503025695,0.7216191399684336,0.6188490872166381,0.1181172198691913,0.3449011248936922,0.5495062379068727,0.6861661559193921,0.5821352843946781,0.5327579554593658,0.5526976435432513,0.7681212642708989,0.6334884000012094,0.46101144198620075,0.4133899220988459,0.781099838966244,0.6273815324925869,0.5484066060697846,0.40261733455102805,0.42821310982158134,0.6957644195175718,0.6678796841840261,0.4895844807790417,0.6250104673041025,0.44356034359101537,0.49603635891130166,0.749851988458243,0.37010712903789744,0.5520490015813013,0.5651553029021561,0.6234265695355075,0.5694066222044384,0.4812706672893297,0.7592689144454673,0.6356744264406408,0.5663714006202679,0.4880305263424431,0.5610982187508262,0.7426616824543203,0.5310953422929731,0.5076906787271626,0.4883000976424084,0.4232320217294874,0.7315262854893926,0.5252122602328924,0.5363894241684936,0.7902982693733359,0.5257760559172421,0.6231497746333942,0.39325364867449153,0.47487802533430357,0.7031490182109253,0.3796221694296,0.7848933954446657,0.12852770087947282,0.5754005725588811,0.6248124042449973,0.43244759750254247,0.46652858762760974,0.6360458780416821,0.5809599365938226,0.4572149892281242,0.6308809967222093,0.48137638552108547
79,0.4751955978156473,0.7416886362825195,0.2882715741575442,0.3178249640190787,0.8227220762900965,0.5212813443575413,0.5070981448333698,0.9997940279761063,0.9742573450464423,0.10463959721872858,4.060471334364361e-06,0.17143015134579043,0.005364279907477736,0.9999999601943855,0.09493726186810399,0.02080447958219443,0.21215158086844244,0.9995181736028246,0.417519777419989,0.33157944083990154,0.48113235746263483,0.9646098972686954,0.5834205118264889,0.19239332362425277,0.6734339662074688,0.8749402288221039,0.017874148027090017,0.652789797993399,0.03490718886862201,0.9675056701674343,0.4413105486956971,0.06304640687353069,0.7502131569926189,0.4302868582418307,0.02043933661983249,0.6724138739604932,0.45078445605724254,0.7116149299779946,0.8726019992866084,0.45971556670658204,3.690185714485189e-21,0.008062366376470547,0.17175607699226517,0.9501355224086768,0.25064214307382854,0.07107618450930739,0.3004157652752114,0.9941810528313892,0.5931726122897439,0.07698938594866832,0.008623204193184058,0.9938598362761465,0.8049442708530528,0.18005994979889284,0.02191175745519168,0.01449975246070533,0.8834682528986924,0.8056948832602034,0.056043308918862965,0.4467261298253194,0.01579396807136178,0.13019621350120664,0.9853873506568185,0.0036975542177489144,0.46100954239270736,0.3124692220964562,0.6989705609172215,0.3562293495728069,0.09738162572567231,0.990418564904643,0.7544245032099233,0.20553509376319487,0.12293225706414404,0.29401066999025416,0.9752002921313168,0.28446579677201195,0.11073000578394239,0.17578842528637315,0.01742751624231819,0.9689297721103144,0.19746410040339096,0.10418099954799548,0.99559048800848,0.06534690815750173,0.759550783474796,0.0013643156171149215,0.079777284788092,0.8541248611529576,0.01148161211747572,0.9953644004538039,0.0,0.23819071744348239,0.4938165715806311,0.04865758134471058,0.05080018690767338,0.6558361449314231,0.27990578850870373,0.07150218300503043,0.6035703968963662,0.1402327305156146
80,0.6689033230189981,0.824381240175596,0.6432992100284389,0.5568574868363774,0.8685926998044883,0.7294469843087207,0.6886276517335551,0.9984536474685606,0.9551106958228986,0.40685456377487,0.0130129857164373,0.4409633795441072,0.10462432598214363,0.9838802028465071,0.38313781273793757,0.19031188115163722,0.509885732323293,0.9971814415732895,0.6162304398188155,0.6857669906181818,0.7513196350729534,0.9504746968605734,0.7567831362830444,0.5369315600454071,0.8218561758960883,0.8923687223792467,0.12202169535946096,0.7852464303232618,0.25359756375302295,0.9599483478996319,0.7065427227600639,0.24904436085145673,0.8518042063663965,0.6854650286577108,0.18207960223678654,0.7874908197250852,0.7119425929262042,0.8070532544763441,0.9206010910105443,0.6976615540236434,1.027467841081065e-10,0.0461134844570301,0.38809720747021836,0.9450571582096241,0.5832468809896163,0.29993584420791924,0.6189272683196092,0.9697112308527923,0.7901685515931934,0.33579167104265584,0.12208723184010768,0.9903235612069774,0.9083946293168459,0.5133376988207646,0.16396441400513947,0.19876383659617328,0.9036941054282418,0.8926601513372998,0.3607929890267345,0.6940962465302886,0.13062808950482988,0.38097078780095756,0.9818099849178755,0.08211910121790361,0.680834062278738,0.6035026336813926,0.7779636342215486,0.6606478083827746,0.3629429068821974,0.9691465090752547,0.8441099893321661,0.48669073640165983,0.3850372870056602,0.6115866522444708,0.9872258465038043,0.5921639221939193,0.4280440097990315,0.4860208152525368,0.1051428291112709,0.9683744654995802,0.5058288675770721,0.4144851894462077,0.9960635662342817,0.28288311940957417,0.899017536062651,0.05889055444653893,0.3308137140092792,0.8912651192683453,0.13079022127903644,0.99315237533761,0.0005464677407259312,0.4978971953608712,0.6565276622901131,0.22610344976655028,0.2445955151467675,0.7995389276345165,0.6191033013871019,0.31295245848588965,0.8000569002022487,0.4146117061915257
81,0.8537020710992482,0.9414891772425737,0.8042439853440618,0.8037648238857692,0.9621371010815399,0.8862632872045819,0.8422286854651976,0.9963499780945442,0.9904616459596611,0.5143321515241167,0.009913305991596727,0.546973974201056,0.1557810615269268,0.9999223120059268,0.4664876489952137,0.1629937065867538,0.6948161951094077,0.998502165670766,0.8256738074891332,0.8190159583103237,0.8240522735841028,0.9903877779223034,0.9141751690310477,0.6763653925253413,0.9232449127240336,0.9699339751583885,0.159411891267642,0.9150850671033449,0.3656946389616919,0.9897984806826777,0.8993642855974734,0.3106208803370056,0.9389989127559855,0.8714323507478489,0.2031676110608619,0.9046445399259965,0.872605132004466,0.9148123738200536,0.9589607706223569,0.8315891680216763,2.850191231332488e-06,0.07884101475588103,0.5851112697280992,0.9938364696694425,0.7459949366706502,0.4470845230197984,0.7770255012290717,0.9934281823871689,0.9045140272695811,0.45107137880695747,0.1416856364383829,0.9977462804555131,0.9669341077722586,0.6410678044566979,0.2309266672655904,0.2511699125507696,0.9788605445134502,0.960775410899794,0.4791371686466346,0.859284181267015,0.22092633069941267,0.5660726247188099,0.9984734187177909,0.10123827360429666,0.8462961273872324,0.7923512679146529,0.9237680868455737,0.8078029559872937,0.4880212259995255,0.9991955415951989,0.9612622356768273,0.7244130345960521,0.573005020655963,0.7787483875607587,0.9970179530813926,0.7344650986380458,0.5483611090567254,0.5827147002589378,0.17206562271948372,0.9924859919931279,0.6623297376936504,0.655403512620597,0.9987942873801688,0.4245370000212258,0.9345748087137242,0.09150729306658181,0.493337592671414,0.9757110809369408,0.11494060773975116,0.9979864139496596,5.534747327514162e-32,0.7195418512528937,0.8624345886629545,0.35825375593532294,0.2989104328132399,0.919361113274684,0.8059013440491863,0.4050442431908191,0.9314882792778367,0.5798652320030863
82,0.10644735419814672,0.2779219364177999,0.051490255032795,0.056592668331945116,0.47484736375124487,0.13718657638330037,0.10257340937687631,0.9902652225353807,0.8974779181921677,0.0122414307775713,2.8416375286447413e-05,0.01749951726386151,0.0004828918254220402,0.9973546287100841,0.01761296324345771,0.0013269348908177985,0.04030217763992422,0.9978791980243649,0.07380147439875183,0.07811800712727178,0.11133459163798978,0.9072004446825244,0.18570508197886293,0.03219635541403966,0.24048222356591423,0.5937185796401476,0.0007167752670397497,0.2211587367548474,0.0053951197441498636,0.8847505140488794,0.15351072747582692,0.0032197088271696244,0.3482382697964466,0.09372450787551957,0.001732020681776609,0.2230569712670434,0.16558620281007236,0.24605038618472222,0.5564743242214315,0.09906028715812938,1.282915857248114e-100,0.00022832151176631655,0.01653186677293977,0.8260732293144598,0.048806952813540944,0.009387895668127505,0.05553555608111324,0.9334864895185743,0.17266164870752354,0.014140158787942152,0.0024654181023571592,0.9813047397640584,0.48157356376464866,0.018893222558658558,0.004264280922341642,0.001089065311686128,0.5556352665233818,0.46291220153062673,0.009891728897269325,0.12435144992057605,0.0017476856595896192,0.022499509276715422,0.931165796233327,0.00047304155881990615,0.09587781924869923,0.037800871887104244,0.2399824908886398,0.06794730789674175,0.01716987904261885,0.9748029796690038,0.353905468159267,0.03390058889491875,0.014339309297751021,0.0645410743485207,0.9822776892932584,0.03187983779819872,0.019963377403812863,0.022714949451929648,0.002216089201041434,0.8793449601160822,0.02772580154577462,0.026371358437184522,0.9752532596620612,0.005650227284974947,0.4186010427518399,0.0005892883638295024,0.009757068397840334,0.5483211532213594,0.001969049612801395,0.979380304184993,4.3180992058925584e-190,0.03607242729139354,0.13026355860803274,0.0020397906138363317,0.00346735501165603,0.22407367973300665,0.08282818293806304,0.006908282873541487,0.2116735531279439,0.030033200639433936
83,0.15633946157923423,0.10861108910518891,0.18403793782852232,0.16406998616143822,0.12434114689083142,0.12451581996511264,0.17442215719492488,0.02756063944023982,0.09376461585176095,0.2831388095907023,0.5033108115479767,0.27615668015786404,0.36022424692778493,0.03617663340200837,0.27208006871073964,0.31143986743634045,0.17397059840798706,0.04015477045172688,0.14127172169845822,0.16051531509589323,0.1809403497324475,0.08358407301305608,0.1304219058334327,0.20951967574425837,0.13346392352416925,0.11301416820640332,0.3283115249182571,0.12320908408523752,0.2738443880696246,0.07628809128692861,0.1405752436820806,0.3249211813470195,0.10546949410193707,0.16458239750437825,0.33141331749170516,0.14823742953153254,0.17050088808992125,0.08810717650563704,0.10121857402489826,0.1816306503712865,0.7250687153786618,0.39284358657972474,0.23428199543301378,0.07883589886098812,0.18113413731533,0.24488911593007734,0.21628649211029835,0.06918157853025182,0.12238310676379503,0.20087528938785748,0.3354872886222581,0.044898278004272,0.09640344981057566,0.2174328418798115,0.35537311661130616,0.2865550951675345,0.07244572908746717,0.1208814764916859,0.23264678298160027,0.15760346537783265,0.33738037056233566,0.2552188747865209,0.07842078104690073,0.3944767665083602,0.17452345934269636,0.195628355858778,0.13862986750638145,0.13513234407878819,0.2410296428961199,0.04787455566841186,0.1274221452799629,0.19413968076455254,0.2422812052323583,0.1620289907527116,0.03553759207976323,0.16863517390250324,0.2027226970945825,0.2439937121199584,0.3288563856514497,0.08235334219340236,0.2530376034384767,0.2289409800459442,0.06841231829739516,0.2703849952949397,0.09776447399981121,0.42754351406518126,0.18998864377246935,0.1337667934846696,0.3382673113750132,0.07457834723083956,0.7709890812134297,0.19191991464167266,0.1566625552069908,0.25220407951619594,0.28831214691537316,0.1523362821974232,0.19527208387424239,0.2926092925355025,0.1603514738916675,0.24103797548218
84,0.012379288893929818,0.04608196503455933,0.00815975283574626,0.0072204199601573725,0.08130271289201378,0.019381888589250728,0.01311273797894971,0.851940178655379,0.2740455273983135,0.0015464487414318094,2.5543881523644885e-05,0.004054928422063615,5.969689981963833e-05,0.902037085144468,0.0021424472227625857,0.0007161266945439466,0.00317023884086687,0.7959615111021714,0.006977953066169925,0.011030878020773974,0.017133314331227757,0.29700029314866855,0.016394186590404078,0.0035450308853356314,0.027005943335294606,0.08538156617012836,0.0005655865791553742,0.022757277965526065,0.0010220568895130393,0.26557784632195863,0.01567300005514693,0.0002725379446777892,0.05461263368734211,0.014223958960141772,0.00011940442270423358,0.036707046171557685,0.011641733106082179,0.02865975313530183,0.09570366506708052,0.011990078354020937,1.0374514433391922e-43,6.438625762949852e-05,0.0021846282262155243,0.30176721024256564,0.00729223247713329,0.0013632525483639904,0.008734152780057673,0.4623276163621592,0.02347635697418907,0.0022436079435039914,6.896536241842353e-05,0.718433983779446,0.0610437714773834,0.0044934473759173695,0.00028835478846288157,0.0005317656472323349,0.10214603155407756,0.07571763929360915,0.0013338418529249276,0.01632384590447685,0.0006970739950338504,0.0027379731357493166,0.5291809480528541,9.30803734998073e-06,0.015098357445912954,0.007148028832694546,0.0274844947709992,0.013122203084460222,0.0028583783038685895,0.6323423243940265,0.04552501954619677,0.0035303586638334326,0.0018213425143986117,0.007826262448503284,0.6720468721098992,0.006174849531983812,0.0024880771231577834,0.003049451912599732,0.0004854315839792795,0.2701546034069,0.007258065150293483,0.0035102718068968576,0.6769404025957786,0.000885860229046912,0.06593352285815252,0.00024268792441278317,0.001842601329582093,0.09125864290677912,0.00010355820943073747,0.6740965837150674,4.950351167867572e-226,0.007278588179447312,0.016488386821644538,0.0005236519523705426,0.0013083066319518463,0.028870605178884744,0.00692485129784955,0.0013689707481976292,0.026482525213631248,0.0028330375733335755
85,0.7644380819952774,0.9470350144824331,0.6554277065766191,0.5909994355758391,0.9749753048101298,0.7979464966870797,0.754588238188291,0.9999999996422057,0.9987588761290184,0.19131276837541794,3.570516093663649e-10,0.29033495217548144,0.016394473479299,1.0,0.22817074947870758,0.017645054181950906,0.3665895399861298,0.9999850991971071,0.6956113511121721,0.6767441437503762,0.810235464144574,0.9985497925590587,0.8150441138391762,0.39935482896734165,0.9096529820237543,0.9687909755612161,0.024570856418857426,0.8596407875783615,0.10725732136593613,0.9878928220265254,0.8143539292345259,0.053597493989368215,0.9343843635964616,0.7476895388164531,0.02683883388860278,0.933658647278256,0.803637308400559,0.9358411359517916,0.9856028807225395,0.7637258724726703,0.0,0.0010367696377950972,0.2711537556360678,0.9960721715386995,0.5332913213357812,0.15181861158099574,0.5011128857618825,0.9999832592973401,0.8817338752892309,0.09051355319999901,0.01782579412094045,0.9999999999999943,0.9785949379850848,0.34044690819207185,0.023450975594126792,0.024529964825803788,0.9949485391261815,0.9746418515229596,0.1101814544643074,0.7816131406201433,0.014180815052514563,0.25864103424953644,0.9992581341243698,0.00012109657459155274,0.6725880437021384,0.5049161967173594,0.8866923019770819,0.7135163221078207,0.15159113243026445,0.9999884087762129,0.9493393428209097,0.44335646980877363,0.14270406082312503,0.5944208503633447,0.9999814131905568,0.47794629380344955,0.26270689775780015,0.3102038114339089,0.012902834156597804,0.9999740088856686,0.38139191553189866,0.254535179304963,0.9998721668154401,0.08852135171741185,0.9644026840579216,0.003635686977560264,0.1445476868304997,0.972379488006351,0.00024236561344661078,0.9999078640018731,0.0,0.4329898590091012,0.8086936210428849,0.04160895528111239,0.04894935165086446,0.8898687774368496,0.5881064800511953,0.08469674385787865,0.8845019280474835,0.28900163934635403
86,0.36247415101927155,0.4676144430182388,0.36189487147144256,0.3368022856612458,0.5240241845083301,0.4084426817429666,0.38797199161474794,0.7773857985811012,0.6356019271354046,0.2980341742780111,0.10609632248917109,0.29190553525243246,0.19396316945930875,0.8339973510595113,0.2843022161213209,0.2172667144968389,0.28848477923367727,0.7224117462177372,0.34433460197215054,0.39262060044929326,0.3722424404682025,0.6280042853258987,0.4125809616165242,0.29444740739513564,0.43547408925076475,0.5069312790214987,0.21806261156979415,0.4327048464271549,0.2746124962311987,0.6165799681325626,0.4768961430811652,0.22708298679454916,0.4250244145013769,0.37515210126666554,0.20228801392280812,0.4576657912334579,0.429357057740257,0.514559057757187,0.5088984371446957,0.390170872073277,0.04010686747682719,0.12703661577743677,0.30328816322508834,0.5903721556837138,0.3379326673989383,0.24576562776163816,0.3554967039164374,0.6849799077610049,0.4029630024859948,0.2923824025418884,0.1395234722494496,0.6894730226402659,0.5546956451262562,0.32720577431943965,0.2249423750178974,0.17682854214495347,0.5271761961630198,0.5168300686825961,0.2518756293382516,0.4073704427089404,0.20242785677560277,0.2709864760327965,0.7019522367144668,0.14426947592826697,0.3962250568349678,0.32323187913738827,0.4224765892927115,0.3432153293742051,0.2844771196570495,0.6770216994911321,0.476618786185435,0.3697311402661905,0.25579176797199443,0.38697530498099797,0.7024504128806184,0.3524492038754567,0.2783566416951735,0.2647035137077233,0.1991986745530781,0.5854359645416646,0.3116427090286289,0.28739211168057477,0.6991373075773322,0.25847106586351104,0.45686026493620135,0.13398433237245957,0.22214268556438577,0.5072232539792125,0.2205992102156683,0.692161856355967,0.026058493880711495,0.291820429560472,0.3951525213888957,0.19230667722254283,0.20920076810336233,0.4638683032500133,0.328366108111033,0.25005217254546513,0.4274182383108948,0.3110858104468993
87,0.024617533934812676,0.04570054587650405,0.019010801433564994,0.01603841588068918,0.10711429682688996,0.03462123564060846,0.025380130675484742,0.8052011025261632,0.22401467832314562,0.005776195503643246,0.0003049384453078104,0.009330512895079862,0.00042836169899162433,0.8084271740026442,0.007418082068391325,0.0007654698239418028,0.011691157282204228,0.6906351372456079,0.022795159116308722,0.019933065556868513,0.017333086420758207,0.2743832935291466,0.026278691897459953,0.011157973700011075,0.04529826473676768,0.10431020054889512,0.001857433146196029,0.04275350575365805,0.002096922256408611,0.29194981396562963,0.024808620571660382,0.0016938567060853968,0.06937919673903842,0.025134872197172458,0.0011624683759156006,0.04280663080205759,0.028762590661307628,0.04666807783599708,0.08905354434515945,0.023324288841821167,6.184993120197158e-31,0.0005448785314845454,0.0063945236329364784,0.22585238770627428,0.016977310056695536,0.005100770752608718,0.012952923913394435,0.44436563071908664,0.044269326005100626,0.0027469095609675455,0.0011680167040739118,0.6387034167706331,0.07117868766372036,0.008377513714405553,0.001667269116644004,0.001336707484375089,0.11066855693934985,0.0844512175598326,0.003984852246778429,0.02945654011488668,0.000977516782960938,0.00999347636402117,0.4416794502617341,0.0004994563912977102,0.024880874628521663,0.00958426016887533,0.042503972171461374,0.014828600617023315,0.0065579927836919285,0.5412537071745807,0.058856063089055645,0.011910308249982758,0.007104068997301583,0.01578709778586875,0.5346876771617336,0.01100693036090642,0.007633285790392958,0.007648891559684725,0.0017707369445663934,0.28502505467274897,0.010992695855154645,0.005636823207746824,0.5514413495833077,0.0022338849129272657,0.07628936616064974,0.0006661781699606101,0.006267006366981521,0.1074926007975374,0.0006727179220920133,0.45924639363335357,7.204708963205767e-64,0.014401029073585108,0.02827982951112199,0.0030096397124128025,0.003957189286750746,0.04497839173945281,0.016695147800106627,0.003882606392931052,0.030150111679678845,0.007570140861374992
88,0.5798643967283896,0.7028456764695753,0.49478828749566633,0.4315022646201882,0.801292214093771,0.6167438803523584,0.5672429073517686,0.9981969984138427,0.9411247946044761,0.2862018149499559,0.016828491446141916,0.2995027248295048,0.07684124190178919,0.9899519237353909,0.2927739174025178,0.06065174346734523,0.39389209057588526,0.970836037123397,0.4974180379866099,0.49591070779911034,0.5981359306582611,0.9478346102694534,0.611774116627056,0.37941752537638,0.6872477934754158,0.8237493264571206,0.11013621679310207,0.6108833763434016,0.20537039242217273,0.9371727806247712,0.5105874035356754,0.11947709222451035,0.7282086341013708,0.5622605101963305,0.08683310811173536,0.7043094737649307,0.5863687022545672,0.6937213352438664,0.8339455858398105,0.5624880653330677,5.47597909041729e-06,0.03838275716745276,0.27758357983272264,0.9106388438511176,0.42197229593572516,0.2138938885284726,0.3874941353367783,0.9517101287940775,0.6477065264233502,0.21780980250459708,0.06546077853156197,0.9828373506055241,0.7881134860691698,0.3627166020582674,0.1250960784005683,0.07527197894262778,0.8452292137106293,0.7756449906656949,0.25717027633984907,0.5468738233128365,0.10293862652630574,0.2529215844265033,0.9734699467598095,0.04300898460674584,0.5518914882044724,0.4632125969745311,0.7115506294595387,0.5406275590992667,0.235497420279639,0.9778438501338392,0.7244306979072054,0.42367312966050413,0.2660797841869458,0.4635816313569947,0.9620014060992493,0.4491610059083479,0.2880805710603295,0.25140306926883105,0.08398584610521719,0.946474460188755,0.363933286728655,0.30266812674444465,0.9814622615271379,0.1929804306213532,0.7831099992528767,0.04116974014555762,0.22213626921395624,0.8149696533023869,0.06822895769073296,0.9841337706833531,4.124494747582268e-06,0.42949119240015965,0.5422393244386885,0.15187334514116183,0.18512795631675286,0.6662259482210119,0.47561853618332806,0.17188866574968728,0.6699237219159933,0.2624718803057842
89,0.6034609187878961,0.6785857027945587,0.5850162307416381,0.5580876149574796,0.5991375240686397,0.6451400356588938,0.5877461037636191,0.8091277990142477,0.724865563249655,0.5427895585689377,0.32751746402540505,0.52126885867145,0.36816217352345193,0.8273666006633081,0.5135513807618007,0.4090964910782238,0.5579805817161668,0.8139693609535409,0.6296579697825642,0.5870727407180771,0.6042638507263418,0.7011771024148615,0.5901741274953618,0.552531329830722,0.6453679553330488,0.657642037243885,0.45202620979261143,0.6163582229826177,0.4774724930727244,0.7332714761781179,0.6019932654105671,0.43938128745080024,0.649717846236594,0.5489236310388995,0.44880893305253855,0.6524581491357521,0.5550274228162586,0.6505392451813182,0.678302020348161,0.5872232733264494,0.20113537971147025,0.3877713339415408,0.5303103989565052,0.7273415169772863,0.5424489416816284,0.48819522755640554,0.536774606874218,0.7457760327180155,0.5794995267603756,0.4990026710592674,0.4412534620275064,0.7561889933597215,0.6266500298550897,0.5248359646382399,0.506068243810159,0.4194362798298568,0.6843116738933033,0.6630649807559602,0.5237590979661114,0.6090371557478957,0.4607639681167971,0.5114750071580842,0.8069422871450623,0.3470204904240297,0.5836469608628115,0.48866741337454456,0.6124522639238112,0.5124245932450235,0.47184334152606605,0.7690297438892244,0.6089510909071815,0.5494904870814223,0.5113513403162898,0.5185189583277309,0.7926690280421356,0.520662300624897,0.5155506313381073,0.5393495819132066,0.4594092803994907,0.7043136102137093,0.5437834614264628,0.5207716881942482,0.8221920275354307,0.5074142925550145,0.6739000555958917,0.3528117158648298,0.4587161042136849,0.658088912632481,0.4631237612989478,0.7530986651147751,0.2184766539120082,0.6019393806887279,0.5974195443390128,0.4473481803632715,0.504454914848878,0.5964864946010029,0.5379672689077402,0.4924337453902686,0.5924159910188572,0.5144014963196479
90,0.3686096032174532,0.5129185577431334,0.3048294611608619,0.27866323605520454,0.6215685320181852,0.36081588978955037,0.41361569192939884,0.9636090909011124,0.8160748045296884,0.2017681156419694,0.012513780983583776,0.19202800850018614,0.06073596398940568,0.9848153707654953,0.1759133260352952,0.06277204520497742,0.18881535079517434,0.931196014697942,0.30998633121795827,0.34830538778680414,0.37014605701479647,0.8026683174756026,0.40402548279908934,0.23527009716451736,0.49286658883422285,0.6464305485848197,0.06654985343604893,0.42911198385067095,0.10736195019163557,0.7719233882525226,0.3796231631190122,0.11191854720250254,0.5324364988406485,0.3522185881576,0.0616812204970795,0.49530243642310834,0.37984329899006125,0.49141994348165224,0.6102287063763191,0.4110989429749412,0.005379516667861106,0.0268095462949269,0.20963868282119585,0.7977691514667963,0.25200604802898374,0.13522131899107034,0.29084359886003275,0.8345394534875126,0.44961919834272634,0.12555777936279708,0.04416164604045765,0.9342936816480369,0.5509887856361776,0.21685022541423962,0.08011980358937736,0.05517608170831831,0.5960792964293614,0.6498034808767308,0.1260862775665894,0.3960810579346869,0.07734655888303303,0.14330372561160157,0.9007955258236972,0.03538072433973488,0.34732737553179893,0.2933216570897046,0.45690886852481505,0.33888619687823174,0.15287404336313176,0.9272289493833719,0.49623486852680565,0.24553991058768132,0.1719191898895062,0.28276448358957834,0.8845937315543716,0.30748823597785707,0.20107939090690405,0.16656249814537027,0.06930481229112835,0.7145634122908977,0.23050864454935518,0.20263238722668153,0.9177972025519814,0.1703273838907565,0.5835706797419528,0.027409421969581457,0.13613271720753875,0.7132940461038737,0.04617479251550218,0.9274275243379775,7.796697254395019e-06,0.2304767756692584,0.38057503638159196,0.10582334543831912,0.10265817801590468,0.47653665800928174,0.28105332870248934,0.11040049917361992,0.4307933446991864,0.15921520112389786
91,0.3826495741873922,0.41087981820216085,0.3737733197971329,0.39397073175780306,0.41491983064800253,0.3518829313852909,0.3393310042352046,0.561610847379925,0.4701901908298346,0.2961058308642955,0.19001223336856718,0.36281005250500287,0.28561702449082943,0.577426342388972,0.33635609686246215,0.28949056022132313,0.338101246668756,0.5350220676511446,0.4264929299980787,0.3668280907232934,0.3813203868505092,0.5171886319753969,0.4023958037307065,0.38690533799038573,0.4441854149884383,0.5001859054976375,0.26480491460954736,0.4115972230592152,0.2985934870945041,0.5462732019876566,0.3870961113701911,0.28922088726677253,0.4532008846653246,0.3633746823641884,0.328920478464421,0.41989376054605315,0.4234414869576492,0.3866276390189466,0.44671321305957845,0.3871399248974589,0.1553449218036065,0.2398193929896572,0.3161963566541932,0.5283694069988212,0.4390067895056775,0.37774902366744,0.393835334190619,0.5307724462523663,0.3635132486300786,0.3399965604993673,0.21721736791978252,0.5661892712847205,0.44237709434606004,0.31104230345321554,0.3268279296744383,0.2821494798483648,0.4183661430513569,0.4642438525562166,0.32382062491730357,0.36655470210129565,0.2610592944677663,0.3588888796456224,0.5391052791603032,0.2800629496213751,0.41011527703293316,0.34092804634734075,0.37816864007177436,0.36691799700911915,0.308353876377254,0.504228946863769,0.40833491357508217,0.36236361920867166,0.3614327767838564,0.33657873015286244,0.6095113295213146,0.34530944779844863,0.36953354823301354,0.30415827316416544,0.30381772984448635,0.4612373181373986,0.3083360774810328,0.2976868559006609,0.4705411421294305,0.3828449976905112,0.46669510442576934,0.2698086019558508,0.3009435227706082,0.43992588586153686,0.2857387862331629,0.4487046272611916,0.12648782770920092,0.4053835833779824,0.4164443188381657,0.29823497392834053,0.3286214505996606,0.4310710160360627,0.3414331323063397,0.3172151282384837,0.4183629257435328,0.32723774568770525
92,0.3987921200046559,0.26678980263716073,0.36577164244562893,0.41880518260587984,0.22779579360035945,0.41026593629696806,0.3487463010768104,0.0612009896971584,0.10925514688285466,0.5737460414674395,0.9010861680960777,0.5013136281701253,0.7465538082329405,0.0457646358904906,0.6246138397181352,0.7009338711972133,0.5701302334744588,0.061590207423975606,0.40689843519998753,0.46211729483893343,0.35901710743948967,0.1377396431111038,0.3584745425003878,0.48345047306299205,0.2691952595362798,0.19551441727543623,0.7346567613402794,0.302486270860847,0.6563555543393711,0.13159843555995637,0.3611910546838454,0.6589633938572521,0.24852091690786296,0.4417471086476892,0.7032496842788867,0.28836964217232264,0.38975725937970185,0.3151153766535523,0.18855565561010942,0.36979450075319986,0.9764825728170463,0.7946985398753883,0.4570504668573786,0.14479091833802554,0.44960467337031296,0.5718554948504271,0.4133666270281374,0.09408966759136955,0.36139848413384795,0.5962544168873865,0.7483749725435324,0.06492680445545289,0.24676321793216358,0.5186885943414604,0.7141177151282649,0.6786821341432423,0.2480500417030831,0.25485993486266695,0.6078136992256187,0.3864740994932488,0.7465805740199791,0.5817644475605089,0.10969249539741455,0.7796569163731956,0.38616802727970684,0.4139972276650304,0.24906947650512717,0.4744495306813629,0.5633940446364106,0.0824920110063659,0.2389641225795084,0.46238521673162836,0.5514220183088762,0.4814046519657207,0.06796957646310778,0.4541081188036735,0.5506189432515564,0.5612905780741563,0.7616381485219377,0.13877870182789676,0.5144491878435082,0.4991979970835761,0.07903131749713828,0.6187759164949145,0.23282566751870284,0.8035665438351245,0.5848960884245711,0.19055816402614675,0.8041734609399518,0.08382402397270373,0.9824758409538048,0.5199641115788466,0.4005500403330241,0.6957609295498564,0.6448544421654122,0.36120510919462384,0.47184939479437377,0.5614328057810198,0.2710008803776408,0.5482046020045783
93,0.8623060372939121,0.9362505928405963,0.805390029195013,0.7841163720664447,0.9844959453522876,0.8997390001974227,0.9161488446028379,0.999999999454417,0.9971712674094851,0.5563746783507039,0.008548621513529985,0.6250898497139791,0.07325628503504601,0.9999999998268915,0.4636753439976088,0.11128426258885037,0.6293648177038942,0.9997512893481073,0.8276779776891339,0.81989157953809,0.860399180733458,0.9969196625425636,0.921271785564783,0.707304036980275,0.9503456948074002,0.9893908023240905,0.17328603343268545,0.931161986175264,0.36092911589650933,0.996786428887068,0.912046987776864,0.2074173086338938,0.9683200749842643,0.8242387860662079,0.15789509685759265,0.9256856013942846,0.9095054955355021,0.9176249478107914,0.9776683526038755,0.8672480148040891,1.8549042142638358e-13,0.0189343718700446,0.573618088292718,0.9959476063815146,0.7582350003239742,0.4601531604404464,0.7539545077446635,0.9999612597308262,0.9355121272610434,0.40899433384737466,0.059983877871147076,0.9995490820610264,0.9765308980386043,0.6730814804831176,0.20162349915091785,0.19520459397086884,0.9848615175065583,0.9731842020163274,0.43428149794054904,0.8778523232545793,0.17234676999613263,0.5395819721955357,0.997947536531076,0.04995167215372405,0.8876123001070846,0.7412088659470955,0.9556178358961452,0.8700175536152094,0.5057549039771039,0.9999958264635533,0.9650070460460343,0.7300554470933921,0.49960896563055235,0.7797914708803662,0.9991432476078563,0.7391482636746717,0.5732611403931215,0.6160574253058969,0.11192584171699003,0.9964624624077318,0.6465592683255521,0.565291015142551,0.9999687584296817,0.36593993275151904,0.9757652990631714,0.03752389965513379,0.4231954523993273,0.986839356662523,0.09515101558168977,0.9998917568889171,2.439269437376231e-172,0.7545417075297519,0.8834029342625698,0.28183045648387856,0.3009231252933632,0.9437599339605152,0.7935917394389189,0.3881930831669733,0.945294046938406,0.6009920468274201
94,0.20281947664084168,0.7535245342570104,0.0989741144990744,0.11907642546392287,0.9527970585053245,0.40572778411287885,0.27308045177421425,1.0,0.9975442658366255,0.011878863348435163,0.0,0.019190452320326283,0.00021339765070181322,1.0,0.01107026760757759,0.0008061473454729441,0.027341705781135806,1.0,0.16387830083989482,0.1388273527100524,0.3199080679493143,0.999993875120256,0.4111008348923883,0.03332306331332717,0.6411988555491622,0.9608408674381889,9.613348274067876e-07,0.5219535667547442,0.0010060856913442408,0.9937407542166187,0.3799063799385444,0.0009372727278471786,0.7846336164934772,0.24751796563826825,0.0006891352932842138,0.6333739079116191,0.36140164194370383,0.7516885363244802,0.9572001625558275,0.25369111086450996,0.0,6.051968001003554e-12,0.014437679773216399,0.9981078976084767,0.045016186405777876,0.004991782385739243,0.09169271796096372,0.99997571336658,0.4834965188329042,0.0018766868191206878,0.0003643966785443436,0.9992749809183773,0.9108065764986132,0.02218375641158095,9.446201587257867e-05,0.00026669970247691736,0.9579986170840208,0.9224068331315888,0.00492348205976135,0.32132774423345656,0.00031751088631311146,0.009182522212345999,0.9999572069502611,4.4667038369012104e-18,0.20958993351604888,0.07038877587512722,0.6547175048161455,0.18017797606360988,0.005091449920396475,1.0,0.7993131612765034,0.04834063502666788,0.005229655877760746,0.11800451297299164,0.9991206142779528,0.04247848277512105,0.019199344797654828,0.019015656263326998,2.0839834491780513e-06,0.9991319661936293,0.02981711357642118,0.008418449251669685,0.9999999969352825,0.0022117950605735153,0.9062895249544499,1.0381768037177533e-12,0.002968405349862119,0.9542190432672402,8.464422059310915e-05,0.9999999999942157,0.0,0.026074791740574203,0.25889436310427755,0.00012343520482306235,0.0010617724256016823,0.5958746998938119,0.09374345072512302,0.002904325290951183,0.5788486604024414,0.012376053441009552
95,0.06797948499885031,0.2421621427793766,0.037225299970521625,0.045421744423014214,0.49214031653693124,0.11465532111909002,0.07067501738782667,0.9986484344463055,0.8692508173335339,0.002671147175666114,8.847541197146163e-06,0.007080806584467111,0.00023406262300770936,0.9999999953984583,0.007195607376789001,0.0008960002929431344,0.010868002213874026,0.9994410267812921,0.056337632555810674,0.04212121487847936,0.08117446794842156,0.9338109727811061,0.13367389465246865,0.019002509840253562,0.25248269662690614,0.5609548904893811,0.0007757939684724342,0.148683435362107,0.0022488497450493658,0.9265722806904764,0.08947839486186009,0.0015260993753473462,0.2832040380762343,0.07642773948206893,0.00021682154076336677,0.1921919114466706,0.11225399113994391,0.2589504883878868,0.5605742602589148,0.08948358927587133,0.0,4.531784798012144e-06,0.01077083943189062,0.8841226483312119,0.025762999326296856,0.0054762954154143305,0.031176518897044963,0.9470238346688515,0.15079810396691598,0.0025331371422068647,0.00017465561898726426,0.9896577431144231,0.43042131315210436,0.01594331129659363,0.001087065374342673,0.0016672409499381097,0.5681607869158164,0.5016141064129618,0.0025595577867675878,0.08188900226218783,8.785240122038976e-05,0.0068493896913738,0.9852173937542377,4.880286882918e-07,0.05001809132353134,0.023211691730972154,0.1960943459449332,0.05595474718507531,0.004106154769125727,0.9920758486710045,0.295453503721006,0.02134716120410456,0.00466516432159732,0.04685371008348169,0.9880007197105081,0.023110692224346016,0.00832482553481666,0.012808828823422573,0.00033999541211693764,0.9137815387639485,0.019278453408761144,0.014583976140264314,0.9993240180839327,0.0013177001349578635,0.4257092669668521,1.966714893837594e-05,0.003801262114756849,0.5555119147390997,4.428452274290557e-05,0.9934276918958338,0.0,0.024809682581012217,0.07562338955978588,0.0005187634069002031,0.0015468198859272717,0.2538265981705926,0.041827580882171624,0.0029008646380160887,0.20668874162791093,0.014446469754073248
96,0.07087389448032809,0.36453852082109256,0.027547900335844863,0.016328853581881925,0.6044852226620852,0.1449497150055204,0.07351426728171132,0.9999999999998785,0.979866967086364,0.0007567982036087986,0.0,0.005947587606184586,1.664449215507496e-11,1.0,0.0011661862141099085,2.1914110601685593e-05,0.0038441631718801068,0.9999999999998895,0.05101562504282113,0.02891719794411956,0.07904869328217341,0.9701433064307087,0.14767810629806374,0.008361509396812244,0.2776273029972485,0.7435210802883147,3.897820297799707e-05,0.14088649682704882,0.001031128262561859,0.9881467757538203,0.08780190198225567,0.00017553304981259517,0.47429240432755654,0.06432636566087047,8.946541466754127e-05,0.24302803976579085,0.06348339612827089,0.32111322632354367,0.7195646797540651,0.06062495246177207,0.0,1.0363413220713992e-82,0.001993954267362577,0.9764084174852311,0.00897207511752226,0.0013423599461934797,0.02026353839152846,0.9994692961466041,0.1817579002284645,0.0010823589586746478,6.792810853608586e-14,0.9997125250417237,0.5263110728010636,0.008529998338872713,3.314967970110762e-06,1.9127755210864073e-06,0.7582743721422819,0.6933027265282835,0.0005251064885318477,0.06397785706385802,1.8965397537933198e-05,0.0035818916510256434,0.9973445475104841,7.471909059160039e-07,0.03523260547055815,0.009787267424965631,0.24996641763675329,0.028107503630656682,0.0013342903081342045,0.999977637172014,0.40903684813681757,0.009861373924851962,0.0008111611440003236,0.024291654130299718,0.9999999993216329,0.013078160913904947,0.0014123385915150318,0.0021855669717862677,5.811931376686614e-14,0.9704195980968662,0.004520071028231625,0.0030859579007796608,0.9953215567733537,0.00021910132047533757,0.6068738177014221,5.057524593512724e-13,0.00041958381220058864,0.7955909412165083,1.9231423039547816e-17,0.9999999092726938,0.0,0.005790619029513101,0.0864481609987101,8.6193147727882e-05,0.0006020422187079758,0.1976669447910505,0.022078071082686307,0.00010250357651573869,0.19745654463062612,0.003826937687159091
97,0.1243747547609283,0.4039996013941509,0.05892313091280742,0.04890429258704437,0.7313273528787149,0.1839837834346244,0.10091771870604357,0.9998544412345765,0.9447662092747297,0.011333408174497558,4.560226377832894e-22,0.027555682459439644,0.0014154316118906636,0.9999999999999757,0.008711876542676982,0.000603564105291699,0.028396040054456423,0.9935472941647217,0.10040843007773098,0.08864303344074813,0.14943610165708548,0.9600563142253595,0.2240806616925028,0.029316048605152734,0.3518232396087545,0.7077497433547001,0.0013620786921949785,0.25806350350237856,0.004721312140819817,0.954424079884071,0.15552654221425244,0.003972337196881823,0.43698488719593276,0.13469902037530354,0.00022222573116855964,0.2931572619110554,0.1676500805368852,0.3702362090156141,0.7217848455704129,0.14405058991869357,0.0,1.0531692161419995e-05,0.020060178179132606,0.9624647872816141,0.04425477349708658,0.0024042413909513135,0.04442442560295695,0.9972009364172238,0.22923079979087269,0.005425870150286516,2.1696100829695617e-06,0.9999045980493945,0.594565308563815,0.02350470595494432,0.00031031796339729326,0.00138084845436683,0.7927610719361443,0.6229754687078729,0.0038520490348482434,0.1431203468174064,0.0012877089173859498,0.010505353543907438,0.9979619119870713,3.5580288432278914e-09,0.1052038723895821,0.044890887346237245,0.3221004982532611,0.08638835988546133,0.00559942135292488,0.9972695333449227,0.4885446919437719,0.041405147882185654,0.0041270425370294505,0.07460391946443826,0.99356340988543,0.04301642137339579,0.01089762509911984,0.015991513709258106,0.0006921698748080396,0.9699188962819006,0.02178505568714042,0.008212093917933112,0.9999821815797081,0.0027588936523881206,0.5601539665999181,0.00030436163125932634,0.007314209620673494,0.7351547592057796,0.0005519369527770342,0.9945313782728791,0.0,0.035155058160089105,0.13564029111007223,0.004241307037098559,0.0011996645770852837,0.33065292516900935,0.0671773727063845,0.0011422761447063925,0.29622666183953306,0.014579318873298951
98,0.6388683239777599,0.6888191796808516,0.5643194438824006,0.5980407400587037,0.7313387502396695,0.5957249853378782,0.6103842911807031,0.91802803565638,0.8309577330041731,0.47447689940156357,0.11420857061203064,0.47958320352630507,0.23588811109703564,0.9192665439461216,0.4152295444194777,0.2986233710877853,0.5005800013956229,0.902151748308846,0.6162571997636351,0.5891159605076237,0.5631439792496792,0.863001645899869,0.6417076780588783,0.5708893681798971,0.6922055841406105,0.7711493571614568,0.22195232126856315,0.6557159079555338,0.4198932886636041,0.8021249706740856,0.5878006598254399,0.3668254558779349,0.6716704000018139,0.5608904261278336,0.3274160813316362,0.6994869822068154,0.6630768379848218,0.6784694169133489,0.7226590243282875,0.5953181725667162,0.036653540477369254,0.22503609275183556,0.509608828762426,0.8137654669783534,0.5381981676304208,0.38072427408546944,0.5511929507379194,0.8381848116461883,0.6341610824371514,0.40666961835518234,0.27312745722098836,0.900884809199467,0.6983783995247428,0.4921605596538688,0.3782887472904335,0.3235578761397999,0.7051099635864588,0.6998050426265388,0.4171040111376503,0.619799822741248,0.3200450407610327,0.46294860286367234,0.8468829905352555,0.23287200440744338,0.5837258513005894,0.487607521626053,0.6407810431981323,0.5951834313707577,0.4690734371031409,0.8836201972530805,0.6929074313304174,0.483810903993726,0.42796674575486876,0.576006934869062,0.8693372679764202,0.5080430781463761,0.42630308006858814,0.47428149597500385,0.27384573889223157,0.8231939581464884,0.49368664220603364,0.48808679097969154,0.8864405768092266,0.39557703302785163,0.6987534554180037,0.22911383923755443,0.40895529951334353,0.7797157478649643,0.3029963577262036,0.8907655855818473,0.04164397142849213,0.495742783839455,0.6381713834747188,0.36873248040236867,0.4052941916923504,0.6613544938653004,0.5507959584450475,0.4589024247164414,0.6839763367587887,0.4877882279424249
99,0.6467900761238878,0.8653240490016927,0.542879815674468,0.5645120748213333,0.9257832530487611,0.7523215549411865,0.6652462042358817,0.9969483433422788,0.9763137131924394,0.23942020440830664,0.0016490840380071364,0.30898228509673037,0.03411284003756117,0.9995977983716415,0.1983181735064768,0.06250540288159095,0.3576968645379036,0.9995884179649565,0.5898831117001981,0.5964554985783378,0.6864933711291883,0.9833270034444707,0.744180920158007,0.3053504913768069,0.7974769257716638,0.9383541252161695,0.04688255836828574,0.7977684382246483,0.11912343457424861,0.9887351482690606,0.6310158007329494,0.08113348598782527,0.864180622069916,0.6453203664313495,0.026582334410803928,0.8158691096687672,0.6826085581920114,0.8445497846008481,0.9254362108531332,0.6249374232370866,2.429639062461794e-11,0.030025346421516816,0.28980692041118933,0.9787707203231137,0.5024845925755872,0.17290875300095337,0.5166874887947838,0.9946100214734543,0.7641347327797504,0.16787349461478487,0.02688926763521119,0.9948992721894525,0.8790690411297565,0.3721774168856784,0.048450545452340045,0.06370941604498882,0.9508254703271048,0.9329184963523234,0.17110607505745792,0.6653973296245005,0.07908124410115888,0.2695866803238049,0.9963744383141835,0.018697218428118854,0.6029545173351342,0.4511233859313096,0.7628764511135582,0.5838171570535556,0.20179317661519167,0.9982937434729198,0.8511878651618743,0.43824940400004797,0.21147729083100672,0.5094434628691938,0.9994541816929557,0.4531353816061653,0.2567014636893035,0.26088666758691154,0.042087202698877633,0.9782063045451953,0.3374041633598782,0.2291127236522164,0.9998538480112336,0.14993979880223796,0.9035798114920133,0.0027337978970096237,0.17100689011461603,0.9430320324073425,0.02154417598790745,0.995463966117133,1.559537177793753e-37,0.4255745164848664,0.6522347162230915,0.09264066660978058,0.11182794028291043,0.8059461176545548,0.5380434168631308,0.17527873495481233,0.7756091435317094,0.2726686396503606
